#Methode utilisée: pendule
#Pas d'integration: 0.1
#Position initiale: 0
#Vitesse initiale: 0.2
0	0	0.2	0	0.2	0
0.1	0.0199667	0.199001	0.0199667	0.199001	0
0.2	0.0397339	0.196014	0.0397339	0.196013	0
0.3	0.0591042	0.19107	0.059104	0.191067	0
0.4	0.0778843	0.18422	0.0778837	0.184212	0
0.5	0.095887	0.175536	0.0958851	0.175517	0
0.6	0.112933	0.165105	0.112929	0.165067	0
0.7	0.128853	0.153035	0.128844	0.152968	0
0.8	0.14349	0.139449	0.143471	0.139341	0
0.9	0.156697	0.124484	0.156665	0.124322	0
1	0.168345	0.10829	0.168294	0.10806	0
1.1	0.178319	0.0910292	0.178241	0.0907192	0
1.2	0.186521	0.0728734	0.186408	0.0724715	0
1.3	0.19287	0.054002	0.192712	0.0534998	0
1.4	0.197304	0.0346009	0.19709	0.0339934	0
1.5	0.199779	0.0148608	0.199499	0.0141474	0
1.6	0.200271	-0.00502479	0.199915	-0.00583991	0
1.7	0.198776	-0.0248612	0.198333	-0.0257689	0
1.8	0.195307	-0.0444541	0.19477	-0.0454404	0
1.9	0.1899	-0.0636112	0.18926	-0.0646579	0
2	0.182606	-0.0821441	0.181859	-0.0832294	0
2.1	0.173498	-0.0998698	0.172642	-0.100969	0
2.2	0.162665	-0.116613	0.161699	-0.1177	0
2.3	0.150213	-0.132205	0.149141	-0.133255	0
2.4	0.136267	-0.146492	0.135093	-0.147479	0
2.5	0.120963	-0.159329	0.119694	-0.160229	0
2.6	0.104454	-0.170585	0.1031	-0.171378	0
2.7	0.086903	-0.180146	0.085476	-0.180814	0
2.8	0.0684847	-0.187914	0.0669976	-0.188444	0
2.9	0.0493827	-0.193809	0.0478498	-0.194192	0
3	0.0297875	-0.197769	0.028224	-0.197999	0
3.1	0.00989468	-0.199755	0.0083161	-0.199827	0
3.2	-0.010097	-0.199745	-0.0116748	-0.199659	0
3.3	-0.0299877	-0.197739	-0.0315491	-0.197496	0
3.4	-0.0495789	-0.193759	-0.0511082	-0.19336	0
3.5	-0.068675	-0.187845	-0.0701566	-0.187291	0
3.6	-0.0870854	-0.180058	-0.0885041	-0.179352	0
3.7	-0.104627	-0.170479	-0.105967	-0.16962	0
3.8	-0.121125	-0.159206	-0.122372	-0.158194	0
3.9	-0.136415	-0.146355	-0.137553	-0.145186	0
4	-0.150347	-0.132054	-0.15136	-0.130729	0
4.1	-0.162783	-0.116448	-0.163655	-0.114965	0
4.2	-0.173599	-0.0996949	-0.174315	-0.0980521	0
4.3	-0.182689	-0.0819601	-0.183233	-0.0801598	0
4.4	-0.189964	-0.06342	-0.19032	-0.0614666	0
4.5	-0.195352	-0.0442575	-0.195506	-0.0421592	0
4.6	-0.198801	-0.0246612	-0.198738	-0.0224305	0
4.7	-0.200276	-0.0048233	-0.199985	-0.00247768	0
4.8	-0.199764	0.0150618	-0.199233	0.0174998	0
4.9	-0.197269	0.0347994	-0.196491	0.0373025	0
5	-0.192815	0.0541961	-0.191785	0.0567324	0
5.1	-0.186447	0.0730611	-0.185163	0.0755955	0
5.2	-0.178227	0.0912088	-0.176691	0.0937034	0
5.3	-0.168236	0.10846	-0.166453	0.110875	0
5.4	-0.156571	0.124642	-0.154553	0.126939	0
5.5	-0.143348	0.139594	-0.141108	0.141734	0
5.6	-0.128698	0.153165	-0.126253	0.155113	0
5.7	-0.112766	0.165219	-0.110137	0.166943	0
5.8	-0.0957091	0.175632	-0.0929204	0.177104	0
5.9	-0.0776976	0.184299	-0.0747753	0.185496	0
6	-0.0589106	0.19113	-0.0558831	0.192034	0
6.1	-0.0395353	0.196054	-0.0364325	0.196654	0
6.2	-0.0197651	0.199021	-0.0166178	0.199308	0
6.3	0.000202559	0.2	0.00336282	0.199972	0
6.4	0.0201682	0.19898	0.0233099	0.198637	0
6.5	0.0399323	0.195973	0.043024	0.195318	0
6.6	0.0592976	0.19101	0.0623083	0.190047	0
6.7	0.0780708	0.184141	0.08097	0.182877	0
6.8	0.0960647	0.175438	0.0988227	0.173879	0
6.9	0.1131	0.164991	0.115688	0.163145	0
7	0.129008	0.152905	0.131397	0.15078	0
7.1	0.143631	0.139304	0.145794	0.136909	0
7.2	0.156823	0.124326	0.158734	0.12167	0
7.3	0.168455	0.10812	0.170087	0.105215	0
7.4	0.178412	0.0908495	0.179742	0.0877094	0
7.5	0.186595	0.0726855	0.1876	0.0693271	0
7.6	0.192925	0.0538078	0.193584	0.050252	0
7.7	0.197339	0.0344024	0.197634	0.0306747	0
7.8	0.199794	0.0146598	0.199709	0.010791	0
7.9	0.200266	-0.00522627	0.199788	-0.00920044	0
8	0.19875	-0.0250612	0.197872	-0.0291	0
8.1	0.195262	-0.0446506	0.193978	-0.0487089	0
8.2	0.189835	-0.0638023	0.188146	-0.0678309	0
8.3	0.182522	-0.082328	0.180434	-0.0862754	0
8.4	0.173396	-0.100045	0.17092	-0.103858	0
8.5	0.162546	-0.116776	0.159697	-0.120402	0
8.6	0.150079	-0.132357	0.146879	-0.135744	0
8.7	0.136119	-0.14663	0.132594	-0.149729	0
8.8	0.120802	-0.159451	0.116983	-0.162219	0
8.9	0.104281	-0.17069	0.100204	-0.173087	0
9	0.0867204	-0.180234	0.0824237	-0.182226	0
9.1	0.0682943	-0.187983	0.0638196	-0.189544	0
9.2	0.0491863	-0.193859	0.044578	-0.194969	0
9.3	0.0295871	-0.197799	0.0248908	-0.198445	0
9.4	0.00969235	-0.199765	0.00495497	-0.199939	0
9.5	-0.0102993	-0.199734	-0.0150302	-0.199434	0
9.6	-0.030188	-0.197709	-0.0348654	-0.196938	0
9.7	-0.0497751	-0.193708	-0.0543521	-0.192473	0
9.8	-0.0688651	-0.187775	-0.0732959	-0.186085	0
9.9	-0.0872677	-0.17997	-0.0915073	-0.177838	0
10	-0.104799	-0.170373	-0.108804	-0.167814	0
10.1	-0.121286	-0.159084	-0.125014	-0.156114	0
10.2	-0.136564	-0.146217	-0.139975	-0.142853	0
10.3	-0.150481	-0.131902	-0.153537	-0.128165	0
10.4	-0.1629	-0.116284	-0.165565	-0.112197	0
10.5	-0.173699	-0.0995199	-0.175939	-0.0951074	0
10.6	-0.182772	-0.0817761	-0.184555	-0.0770676	0
10.7	-0.190028	-0.0632287	-0.191327	-0.0582579	0
10.8	-0.195397	-0.0440609	-0.196187	-0.0388659	0
10.9	-0.198826	-0.0244612	-0.199087	-0.0190857	0
11	-0.200281	-0.00462182	-0.199998	0.00088514	0
11.1	-0.199749	0.0152628	-0.198911	0.0208473	0
11.2	-0.197233	0.0349979	-0.195836	0.0406009	0
11.3	-0.19276	0.0543901	-0.190804	0.0599491	0
11.4	-0.186373	0.0732488	-0.183866	0.0786983	0
11.5	-0.178135	0.0913883	-0.17509	0.096661	0
11.6	-0.168126	0.108629	-0.164566	0.113658	0
11.7	-0.156445	0.1248	-0.152397	0.129519	0
11.8	-0.143207	0.139738	-0.138705	0.144087	0
11.9	-0.128543	0.153295	-0.123627	0.157214	0
12	-0.112598	0.165333	-0.107315	0.168771	0
12.1	-0.0955311	0.175729	-0.0899294	0.178641	0
12.2	-0.0775109	0.184377	-0.0716459	0.186727	0
12.3	-0.0587169	0.191189	-0.0526463	0.192947	0
12.4	-0.0393367	0.196094	-0.0331207	0.197238	0
12.5	-0.0195635	0.199041	-0.0132644	0.19956	0
12.6	0.000405125	0.199999	0.00672469	0.199887	0
12.7	0.0203697	0.19896	0.0266464	0.198217	0
12.8	0.0401308	0.195933	0.046302	0.194567	0
12.9	0.059491	0.19095	0.065495	0.188972	0
13	0.0782572	0.184062	0.0840334	0.181489	0
13.1	0.0962423	0.175341	0.101732	0.172193	0
13.2	0.113267	0.164876	0.118415	0.161177	0
13.3	0.129163	0.152774	0.133914	0.14855	0
13.4	0.143772	0.139159	0.148075	0.134439	0
13.5	0.156949	0.124167	0.160757	0.118984	0
13.6	0.168564	0.10795	0.171832	0.102341	0
13.7	0.178503	0.0906697	0.181191	0.0846749	0
13.8	0.186668	0.0724975	0.188739	0.0661629	0
13.9	0.192979	0.0536136	0.194402	0.0469899	0
14	0.197374	0.0342038	0.198121	0.0273474	0
14.1	0.199809	0.0144588	0.199862	0.0074316	0
14.2	0.200261	-0.00542774	0.199605	-0.0125583	0
14.3	0.198725	-0.0252611	0.197354	-0.0324229	0
14.4	0.195217	-0.0448471	0.193132	-0.0519636	0
14.5	0.18977	-0.0639934	0.186979	-0.0709849	0
14.6	0.182439	-0.0825117	0.178958	-0.089297	0
14.7	0.173295	-0.100219	0.169149	-0.106717	0
14.8	0.162428	-0.11694	0.15765	-0.123071	0
14.9	0.149945	-0.132508	0.144576	-0.138195	0
15	0.13597	-0.146767	0.130058	-0.151938	0
15.1	0.12064	-0.159573	0.114239	-0.164163	0
15.2	0.104108	-0.170796	0.0972798	-0.174747	0
15.3	0.0865378	-0.180321	0.0793481	-0.183586	0
15.4	0.0681039	-0.188052	0.0606236	-0.190591	0
15.5	0.04899	-0.193908	0.0412935	-0.195691	0
15.6	0.0293868	-0.197829	0.0215507	-0.198836	0
15.7	0.00949003	-0.199775	0.00159267	-0.199994	0
15.8	-0.0105015	-0.199724	-0.0183814	-0.199154	0
15.9	-0.0303882	-0.197678	-0.0381718	-0.196323	0
16	-0.0499712	-0.193658	-0.0575807	-0.191532	0
16.1	-0.0690552	-0.187705	-0.0764144	-0.184827	0
16.2	-0.0874498	-0.179881	-0.0944845	-0.176274	0
16.3	-0.104972	-0.170267	-0.111611	-0.165961	0
16.4	-0.121447	-0.158961	-0.127621	-0.15399	0
16.5	-0.136711	-0.146079	-0.142357	-0.140479	0
16.6	-0.150614	-0.13175	-0.15567	-0.125566	0
16.7	-0.163018	-0.11612	-0.167428	-0.109397	0
16.8	-0.1738	-0.0993448	-0.177514	-0.0921355	0
16.9	-0.182854	-0.0815919	-0.185825	-0.0739537	0
17	-0.190092	-0.0630374	-0.19228	-0.0550327	0
17.1	-0.195441	-0.0438642	-0.196813	-0.0355617	0
17.2	-0.19885	-0.0242611	-0.19938	-0.0157355	0
17.3	-0.200285	-0.00442033	-0.199955	0.00424799	0
17.4	-0.199733	0.0154637	-0.198532	0.0241886	0
17.5	-0.197198	0.0351963	-0.195125	0.043888	0
17.6	-0.192705	0.054584	-0.189769	0.0631488	0
17.7	-0.186299	0.0734364	-0.182516	0.0817787	0
17.8	-0.178042	0.0915676	-0.17344	0.0995914	0
17.9	-0.168015	0.108798	-0.162631	0.116409	0
18	-0.156318	0.124957	-0.150197	0.132063	0
18.1	-0.143065	0.139883	-0.136263	0.146398	0
18.2	-0.128388	0.153425	-0.120966	0.159271	0
18.3	-0.112431	0.165446	-0.104462	0.170551	0
18.4	-0.0953531	0.175825	-0.0869132	0.180128	0
18.5	-0.0773241	0.184456	-0.0684961	0.187905	0
18.6	-0.0585233	0.191248	-0.0493947	0.193804	0
18.7	-0.039138	0.196133	-0.0297997	0.197767	0
18.8	-0.0193619	0.19906	-0.0099069	0.199754	0
18.9	0.000607671	0.199999	0.0100845	0.199746	0
19	0.0205712	0.198939	0.0299754	0.197741	0
19.1	0.0403292	0.195892	0.0495669	0.19376	0
19.2	0.0596843	0.190889	0.0686631	0.187844	0
19.3	0.0784435	0.183983	0.0870733	0.180051	0
19.4	0.0964197	0.175244	0.104613	0.170459	0
19.5	0.113434	0.164762	0.121108	0.159163	0
19.6	0.129317	0.152644	0.136393	0.146277	0
19.7	0.143912	0.139014	0.150315	0.13193	0
19.8	0.157074	0.124009	0.162735	0.116264	0
19.9	0.168673	0.10778	0.173529	0.0994372	0
