#Methode utilisée: rk4_0.01_2.1
#Pas d'integration: 0.01
#Position initiale: 0
#Vitesse initiale: 2.1
0	0	2.1	0	2.1	0
0.01	0.0209996	2.0999	0.0209996	2.0999	2.16253e-07
0.02	0.0419972	2.09958	0.0419972	2.09958	2.16253e-07
0.03	0.0629906	2.09906	0.0629905	2.09906	3.24379e-07
0.04	0.0839776	2.09832	0.0839776	2.09832	1.08126e-06
0.05	0.104956	2.09738	0.104956	2.09738	2.48691e-06
0.06	0.125924	2.09623	0.125924	2.09622	4.97381e-06
0.07	0.14688	2.09487	0.14688	2.09486	9.08261e-06
0.08	0.167821	2.0933	0.167821	2.09328	1.53539e-05
0.09	0.188745	2.09153	0.188745	2.0915	2.44366e-05
0.1	0.209651	2.08955	0.20965	2.08951	3.68711e-05
0.11	0.230536	2.08736	0.230534	2.08731	5.37388e-05
0.12	0.251398	2.08498	0.251396	2.0849	7.57966e-05
0.13	0.272235	2.08239	0.272232	2.08228	0.000104018
0.14	0.293045	2.0796	0.293041	2.07945	0.000139483
0.15	0.313826	2.07661	0.31382	2.07642	0.000183382
0.16	0.334576	2.07343	0.334568	2.07318	0.00023658
0.17	0.355294	2.07005	0.355283	2.06973	0.000300591
0.18	0.375977	2.06647	0.375962	2.06607	0.000376604
0.19	0.396623	2.0627	0.396604	2.06221	0.000466025
0.2	0.41723	2.05875	0.417206	2.05814	0.000570258
0.21	0.437797	2.0546	0.437766	2.05386	0.000690711
0.22	0.458321	2.05027	0.458282	2.04938	0.000829005
0.23	0.478802	2.04575	0.478753	2.0447	0.000986653
0.24	0.499236	2.04105	0.499175	2.03981	0.00116528
0.25	0.519622	2.03618	0.519548	2.03472	0.00136628
0.26	0.539959	2.03112	0.539869	2.02942	0.00159162
0.27	0.560244	2.0259	0.560136	2.02392	0.00184323
0.28	0.580476	2.0205	0.580347	2.01822	0.00212263
0.29	0.600653	2.01493	0.6005	2.01231	0.00243133
0.3	0.620774	2.00919	0.620592	2.00621	0.00277139
0.31	0.640837	2.0033	0.640623	1.9999	0.00314464
0.32	0.660839	1.99724	0.66059	1.99339	0.00355271
0.33	0.680781	1.99102	0.68049	1.98669	0.00399765
0.34	0.700659	1.98465	0.700323	1.97978	0.00448119
0.35	0.720473	1.97813	0.720085	1.97268	0.00500528
0.36	0.740221	1.97146	0.739776	1.96538	0.00557153
0.37	0.759902	1.96464	0.759392	1.95789	0.00618202
0.38	0.779514	1.95768	0.778933	1.9502	0.00683834
0.39	0.799055	1.95058	0.798396	1.94231	0.00754235
0.4	0.818525	1.94335	0.817778	1.93423	0.00829599
0.41	0.837922	1.93598	0.83708	1.92595	0.00910089
0.42	0.857244	1.92848	0.856297	1.91749	0.00995898
0.43	0.876491	1.92086	0.875429	1.90883	0.0108718
0.44	0.895661	1.91312	0.894473	1.89998	0.0118411
0.45	0.914753	1.90525	0.913428	1.89094	0.0128685
0.46	0.933766	1.89727	0.932291	1.88171	0.0139559
0.47	0.952698	1.88917	0.951061	1.87229	0.0151045
0.48	0.971549	1.88097	0.969736	1.86269	0.0163162
0.49	0.990317	1.87266	0.988314	1.8529	0.0175923
0.5	1.009	1.86425	1.00679	1.84292	0.0189343
0.51	1.0276	1.85573	1.02517	1.83276	0.0203439
0.52	1.04612	1.84713	1.04345	1.82242	0.0218222
0.53	1.06454	1.83843	1.06162	1.81189	0.0233706
0.54	1.08288	1.82964	1.07969	1.80119	0.0249905
0.55	1.10114	1.82076	1.09764	1.7903	0.026683
0.56	1.1193	1.8118	1.11549	1.77924	0.0284492
0.57	1.13737	1.80277	1.13323	1.76799	0.0302906
0.58	1.15535	1.79365	1.15085	1.75657	0.0322079
0.59	1.17324	1.78447	1.16836	1.74498	0.0342022
0.6	1.19104	1.77521	1.18575	1.7332	0.0362746
0.61	1.20875	1.76589	1.20302	1.72126	0.0384257
0.62	1.22636	1.75651	1.22017	1.70914	0.0406567
0.63	1.24388	1.74707	1.2372	1.69686	0.0429682
0.64	1.2613	1.73757	1.25411	1.6844	0.0453608
0.65	1.27863	1.72802	1.27089	1.67178	0.0478354
0.66	1.29586	1.71842	1.28755	1.65898	0.0503924
0.67	1.313	1.70877	1.30407	1.64603	0.0530324
0.68	1.33004	1.69908	1.32047	1.6329	0.0557559
0.69	1.34698	1.68935	1.33673	1.61962	0.0585634
0.7	1.36382	1.67958	1.35286	1.60617	0.061455
0.71	1.38057	1.66978	1.36885	1.59256	0.0644313
0.72	1.39722	1.65994	1.38471	1.57879	0.0674923
0.73	1.41377	1.65008	1.40043	1.56487	0.0706382
0.74	1.43022	1.64019	1.416	1.55078	0.0738692
0.75	1.44657	1.63028	1.43144	1.53655	0.0771855
0.76	1.46283	1.62035	1.44673	1.52216	0.0805867
0.77	1.47898	1.6104	1.46188	1.50761	0.0840731
0.78	1.49504	1.60043	1.47689	1.49292	0.0876445
0.79	1.51099	1.59045	1.49174	1.47808	0.0913008
0.8	1.52684	1.58047	1.50645	1.46308	0.0950418
0.81	1.5426	1.57047	1.521	1.44795	0.098867
0.82	1.55825	1.56048	1.53541	1.43266	0.102776
0.83	1.57381	1.55048	1.54966	1.41724	0.106769
0.84	1.58926	1.54048	1.56375	1.40167	0.110846
0.85	1.60462	1.53048	1.57769	1.38596	0.115005
0.86	1.61987	1.52049	1.59147	1.37012	0.119247
0.87	1.63503	1.51051	1.60509	1.35414	0.123571
0.88	1.65008	1.50053	1.61855	1.33802	0.127975
0.89	1.66504	1.49057	1.63185	1.32177	0.132461
0.9	1.67989	1.48062	1.64499	1.30538	0.137026
0.91	1.69465	1.47069	1.65796	1.28887	0.141671
0.92	1.70931	1.46078	1.67076	1.27222	0.146395
0.93	1.72387	1.45088	1.6834	1.25545	0.151196
0.94	1.73833	1.44101	1.69587	1.23855	0.156074
0.95	1.75269	1.43116	1.70817	1.22153	0.161029
0.96	1.76695	1.42134	1.7203	1.20439	0.166059
0.97	1.78111	1.41155	1.73226	1.18713	0.171163
0.98	1.79518	1.40178	1.74404	1.16975	0.176341
0.99	1.80915	1.39205	1.75565	1.15225	0.181592
1	1.82302	1.38235	1.76709	1.13463	0.186915
1.01	1.8368	1.37268	1.77835	1.11691	0.192308
1.02	1.85048	1.36305	1.78943	1.09907	0.197771
1.03	1.86406	1.35346	1.80033	1.08112	0.203303
1.04	1.87754	1.34391	1.81105	1.06306	0.208902
1.05	1.89094	1.33439	1.82159	1.0449	0.214568
1.06	1.90423	1.32492	1.83195	1.02663	0.2203
1.07	1.91743	1.3155	1.84212	1.00826	0.226096
1.08	1.93054	1.30611	1.85211	0.98979	0.231956
1.09	1.94356	1.29678	1.86192	0.971219	0.237878
1.1	1.95648	1.28749	1.87154	0.952552	0.243862
1.11	1.96931	1.27825	1.88097	0.933789	0.249905
1.12	1.98204	1.26905	1.89021	0.914933	0.256008
1.13	1.99469	1.25991	1.89927	0.895986	0.262169
1.14	2.00724	1.25082	1.90813	0.876948	0.268386
1.15	2.0197	1.24179	1.9168	0.857824	0.274659
1.16	2.03208	1.23281	1.92529	0.838613	0.280987
1.17	2.04436	1.22388	1.93358	0.819319	0.287368
1.18	2.05656	1.21501	1.94167	0.799942	0.293802
1.19	2.06866	1.20619	1.94957	0.780486	0.300287
1.2	2.08068	1.19744	1.95728	0.760951	0.306821
1.21	2.09261	1.18874	1.96479	0.741341	0.313405
1.22	2.10445	1.1801	1.97211	0.721656	0.320037
1.23	2.11621	1.17152	1.97923	0.701899	0.326715
1.24	2.12789	1.163	1.98615	0.682072	0.333439
1.25	2.13947	1.15454	1.99287	0.662177	0.340207
1.26	2.15098	1.14615	1.99939	0.642215	0.347019
1.27	2.1624	1.13782	2.00571	0.62219	0.353874
1.28	2.17373	1.12955	2.01183	0.602102	0.360769
1.29	2.18499	1.12134	2.01775	0.581954	0.367705
1.3	2.19616	1.1132	2.02347	0.561748	0.37468
1.31	2.20725	1.10513	2.02899	0.541485	0.381693
1.32	2.21826	1.09712	2.0343	0.521169	0.388744
1.33	2.22919	1.08918	2.03941	0.5008	0.39583
1.34	2.24005	1.0813	2.04432	0.480381	0.402952
1.35	2.25082	1.07349	2.04902	0.459914	0.410108
1.36	2.26152	1.06575	2.05352	0.439401	0.417296
1.37	2.27214	1.05807	2.05781	0.418844	0.424518
1.38	2.28268	1.05047	2.06189	0.398246	0.43177
1.39	2.29315	1.04293	2.06577	0.377607	0.439053
1.4	2.30354	1.03546	2.06944	0.356931	0.446365
1.41	2.31385	1.02807	2.07291	0.336219	0.453706
1.42	2.3241	1.02074	2.07617	0.315474	0.461074
1.43	2.33427	1.01348	2.07922	0.294696	0.46847
1.44	2.34437	1.00629	2.08206	0.27389	0.475891
1.45	2.3544	0.999168	2.0847	0.253056	0.483337
1.46	2.36435	0.99212	2.08712	0.232197	0.490808
1.47	2.37424	0.985142	2.08934	0.211314	0.498302
1.48	2.38406	0.978235	2.09135	0.19041	0.505819
1.49	2.3938	0.971399	2.09315	0.169488	0.513359
1.5	2.40348	0.964635	2.09474	0.148548	0.520919
1.51	2.4131	0.957942	2.09612	0.127594	0.5285
1.52	2.42264	0.95132	2.09729	0.106626	0.536101
1.53	2.43212	0.94477	2.09825	0.0856486	0.543722
1.54	2.44154	0.938291	2.099	0.0646621	0.55136
1.55	2.45089	0.931885	2.09955	0.0436692	0.559017
1.56	2.46018	0.92555	2.09988	0.022672	0.566691
1.57	2.4694	0.919287	2.1	0.00167243	0.574382
1.58	2.47856	0.913096	2.09991	-0.0193273	0.582089
1.59	2.48766	0.906976	2.09961	-0.0403251	0.589812
1.6	2.4967	0.900929	2.0991	-0.0613188	0.59755
1.61	2.50568	0.894954	2.09839	-0.0823067	0.605302
1.62	2.5146	0.889051	2.09746	-0.103286	0.613068
1.63	2.52346	0.88322	2.09632	-0.124255	0.620848
1.64	2.53227	0.877461	2.09497	-0.145212	0.628641
1.65	2.54101	0.871774	2.09342	-0.166154	0.636447
1.66	2.5497	0.866158	2.09165	-0.187079	0.644265
1.67	2.55834	0.860615	2.08967	-0.207986	0.652095
1.68	2.56691	0.855143	2.08749	-0.228872	0.659936
1.69	2.57544	0.849744	2.0851	-0.249735	0.667789
1.7	2.58391	0.844416	2.0825	-0.270573	0.675652
1.71	2.59233	0.839159	2.07969	-0.291384	0.683526
1.72	2.60069	0.833974	2.07667	-0.312166	0.69141
1.73	2.60901	0.828861	2.07344	-0.332917	0.699304
1.74	2.61727	0.823819	2.07001	-0.353635	0.707207
1.75	2.62548	0.818848	2.06637	-0.374317	0.71512
1.76	2.63365	0.813949	2.06252	-0.394961	0.723042
1.77	2.64176	0.809121	2.05847	-0.415566	0.730972
1.78	2.64983	0.804364	2.05421	-0.43613	0.738912
1.79	2.65785	0.799677	2.04975	-0.45665	0.74686
1.8	2.66582	0.795062	2.04508	-0.477124	0.754817
1.81	2.67375	0.790517	2.04021	-0.497551	0.762782
1.82	2.68163	0.786042	2.03513	-0.517928	0.770755
1.83	2.68947	0.781638	2.02985	-0.538253	0.778736
1.84	2.69727	0.777305	2.02436	-0.558524	0.786725
1.85	2.70502	0.773041	2.01868	-0.578739	0.794722
1.86	2.71273	0.768848	2.01279	-0.598897	0.802727
1.87	2.7204	0.764725	2.0067	-0.618995	0.81074
1.88	2.72802	0.760671	2.00041	-0.63903	0.818761
1.89	2.73561	0.756687	1.99392	-0.659002	0.826789
1.9	2.74316	0.752773	1.98723	-0.678908	0.834825
1.91	2.75067	0.748927	1.98034	-0.698746	0.84287
1.92	2.75814	0.745152	1.97326	-0.718514	0.850922
1.93	2.76557	0.741445	1.96597	-0.73821	0.858983
1.94	2.77297	0.737807	1.95849	-0.757833	0.867051
1.95	2.78033	0.734238	1.95082	-0.77738	0.875129
1.96	2.78765	0.730738	1.94294	-0.796849	0.883214
1.97	2.79494	0.727306	1.93488	-0.816238	0.891308
1.98	2.8022	0.723943	1.92662	-0.835545	0.899411
1.99	2.80942	0.720648	1.91817	-0.85477	0.907523
2	2.81661	0.717421	1.90952	-0.873908	0.915643
2.01	2.82377	0.714262	1.90069	-0.89296	0.923773
2.02	2.8309	0.711171	1.89167	-0.911921	0.931912
2.03	2.83799	0.708147	1.88245	-0.930792	0.940062
2.04	2.84506	0.705192	1.87305	-0.94957	0.948221
2.05	2.8521	0.702303	1.86346	-0.968253	0.956391
2.06	2.8591	0.699482	1.85369	-0.986838	0.964571
2.07	2.86609	0.696728	1.84372	-1.00533	0.972762
2.08	2.87304	0.694041	1.83358	-1.02371	0.980964
2.09	2.87997	0.691421	1.82325	-1.042	0.989178
2.1	2.88687	0.688868	1.81274	-1.06018	0.997403
2.11	2.89374	0.686382	1.80205	-1.07825	1.00564
2.12	2.9006	0.683962	1.79118	-1.09622	1.01389
2.13	2.90742	0.681608	1.78012	-1.11407	1.02216
2.14	2.91423	0.679321	1.76889	-1.13182	1.03043
2.15	2.92101	0.6771	1.75749	-1.14945	1.03872
2.16	2.92777	0.674945	1.74591	-1.16697	1.04703
2.17	2.93451	0.672856	1.73415	-1.18437	1.05535
2.18	2.94123	0.670833	1.72222	-1.20165	1.06368
2.19	2.94793	0.668876	1.71012	-1.21881	1.07203
2.2	2.95461	0.666984	1.69784	-1.23585	1.0804
2.21	2.96127	0.665157	1.6854	-1.25277	1.08878
2.22	2.96791	0.663397	1.67279	-1.26956	1.09718
2.23	2.97453	0.661701	1.66001	-1.28622	1.1056
2.24	2.98114	0.660071	1.64706	-1.30276	1.11404
2.25	2.98774	0.658506	1.63395	-1.31916	1.12249
2.26	2.99431	0.657006	1.62068	-1.33544	1.13097
2.27	3.00088	0.655571	1.60725	-1.35158	1.13946
2.28	3.00743	0.654201	1.59365	-1.36758	1.14798
2.29	3.01396	0.652896	1.57989	-1.38345	1.15652
2.3	3.02048	0.651655	1.56598	-1.39918	1.16507
2.31	3.02699	0.650479	1.55191	-1.41477	1.17366
2.32	3.03349	0.649368	1.53769	-1.43022	1.18226
2.33	3.03998	0.648322	1.52331	-1.44552	1.19089
2.34	3.04646	0.64734	1.50878	-1.46068	1.19954
2.35	3.05293	0.646422	1.49409	-1.4757	1.20822
2.36	3.05939	0.645569	1.47926	-1.49056	1.21692
2.37	3.06584	0.64478	1.46428	-1.50528	1.22565
2.38	3.07228	0.644055	1.44916	-1.51985	1.23441
2.39	3.07872	0.643395	1.43389	-1.53426	1.24319
2.4	3.08515	0.642798	1.41847	-1.54853	1.25201
2.41	3.09158	0.642266	1.40292	-1.56263	1.26085
2.42	3.098	0.641799	1.38722	-1.57658	1.26973
2.43	3.10441	0.641395	1.37139	-1.59038	1.27863
2.44	3.11083	0.641055	1.35541	-1.60401	1.28757
2.45	3.11724	0.64078	1.33931	-1.61749	1.29654
2.46	3.12364	0.640568	1.32306	-1.6308	1.30555
2.47	3.13005	0.640421	1.30669	-1.64395	1.31459
2.48	3.13645	0.640337	1.29019	-1.65693	1.32366
2.49	3.14285	0.640318	1.27355	-1.66975	1.33278
2.5	3.14926	0.640363	1.25679	-1.6824	1.34193
2.51	3.15566	0.640471	1.2399	-1.69489	1.35111
2.52	3.16207	0.640644	1.22289	-1.7072	1.36034
2.53	3.16848	0.640881	1.20576	-1.71934	1.36961
2.54	3.17489	0.641181	1.18851	-1.73131	1.37891
2.55	3.1813	0.641546	1.17114	-1.74311	1.38827
2.56	3.18772	0.641975	1.15365	-1.75474	1.39766
2.57	3.19414	0.642469	1.13604	-1.76618	1.4071
2.58	3.20057	0.643026	1.11832	-1.77746	1.41658
2.59	3.207	0.643647	1.10049	-1.78855	1.42611
2.6	3.21344	0.644333	1.08255	-1.79947	1.43568
2.61	3.21989	0.645083	1.0645	-1.8102	1.44531
2.62	3.22634	0.645897	1.04635	-1.82076	1.45498
2.63	3.23281	0.646776	1.02809	-1.83113	1.46471
2.64	3.23928	0.647719	1.00973	-1.84132	1.47448
2.65	3.24576	0.648727	0.991264	-1.85132	1.48431
2.66	3.25225	0.649799	0.972702	-1.86114	1.49419
2.67	3.25876	0.650935	0.954042	-1.87078	1.50413
2.68	3.26527	0.652137	0.935287	-1.88022	1.51412
2.69	3.2718	0.653403	0.916438	-1.88948	1.52417
2.7	3.27834	0.654734	0.897498	-1.89855	1.53428
2.71	3.28489	0.656129	0.878468	-1.90743	1.54445
2.72	3.29146	0.65759	0.85935	-1.91612	1.55468
2.73	3.29805	0.659115	0.840146	-1.92462	1.56497
2.74	3.30464	0.660706	0.820858	-1.93292	1.57533
2.75	3.31126	0.662362	0.801488	-1.94103	1.58575
2.76	3.31789	0.664083	0.782038	-1.94895	1.59624
2.77	3.32454	0.66587	0.76251	-1.95668	1.60679
2.78	3.33121	0.667722	0.742905	-1.9642	1.61742
2.79	3.3379	0.66964	0.723226	-1.97153	1.62811
2.8	3.3446	0.671623	0.703475	-1.97867	1.63888
2.81	3.35133	0.673672	0.683654	-1.9856	1.64971
2.82	3.35808	0.675787	0.663764	-1.99234	1.66063
2.83	3.36485	0.677968	0.643808	-1.99888	1.67162
2.84	3.37164	0.680215	0.623787	-2.00522	1.68268
2.85	3.37845	0.682528	0.603704	-2.01135	1.69383
2.86	3.38529	0.684908	0.583561	-2.01729	1.70505
2.87	3.39215	0.687354	0.563359	-2.02302	1.71636
2.88	3.39903	0.689867	0.543101	-2.02856	1.72774
2.89	3.40595	0.692446	0.522789	-2.03389	1.73922
2.9	3.41288	0.695093	0.502424	-2.03901	1.75078
2.91	3.41985	0.697806	0.482009	-2.04393	1.76242
2.92	3.42684	0.700586	0.461546	-2.04865	1.77416
2.93	3.43386	0.703434	0.441037	-2.05316	1.78599
2.94	3.44091	0.706349	0.420483	-2.05747	1.79791
2.95	3.44799	0.709331	0.399887	-2.06157	1.80992
2.96	3.4551	0.712381	0.379252	-2.06547	1.82203
2.97	3.46223	0.715499	0.358579	-2.06916	1.83424
2.98	3.46941	0.718685	0.33787	-2.07264	1.84655
2.99	3.47661	0.721939	0.317127	-2.07592	1.85896
3	3.48384	0.725261	0.296352	-2.07898	1.87147
3.01	3.49111	0.728651	0.275548	-2.08184	1.88408
3.02	3.49842	0.73211	0.254716	-2.0845	1.89681
3.03	3.50576	0.735637	0.233859	-2.08694	1.90964
3.04	3.51313	0.739233	0.212978	-2.08917	1.92258
3.05	3.52054	0.742898	0.192076	-2.0912	1.93563
3.06	3.52799	0.746632	0.171155	-2.09301	1.94879
3.07	3.53547	0.750435	0.150216	-2.09462	1.96207
3.08	3.543	0.754308	0.129263	-2.09602	1.97547
3.09	3.55056	0.758249	0.108297	-2.09721	1.98899
3.1	3.55816	0.762261	0.0873196	-2.09818	2.00262
3.11	3.56581	0.766342	0.0663338	-2.09895	2.01638
3.12	3.57349	0.770493	0.0453413	-2.09951	2.03027
3.13	3.58122	0.774714	0.0243443	-2.09986	2.04428
3.14	3.58898	0.779005	0.00334485	-2.1	2.05843
3.15	3.5968	0.783366	-0.0176549	-2.09993	2.0727
3.16	3.60465	0.787798	-0.0386529	-2.09964	2.08711
3.17	3.61255	0.7923	-0.0596471	-2.09915	2.10165
3.18	3.6205	0.796873	-0.0806352	-2.09845	2.11633
3.19	3.62849	0.801516	-0.101615	-2.09754	2.13115
3.2	3.63653	0.806231	-0.122585	-2.09642	2.14611
3.21	3.64462	0.811016	-0.143543	-2.09509	2.16122
3.22	3.65275	0.815872	-0.164487	-2.09355	2.17647
3.23	3.66093	0.8208	-0.185414	-2.0918	2.19187
3.24	3.66917	0.825798	-0.206322	-2.08984	2.20742
3.25	3.67745	0.830868	-0.22721	-2.08767	2.22312
3.26	3.68578	0.83601	-0.248075	-2.0853	2.23898
3.27	3.69417	0.841223	-0.268915	-2.08271	2.255
3.28	3.70261	0.846508	-0.289728	-2.07992	2.27118
3.29	3.7111	0.851864	-0.310513	-2.07692	2.28751
3.3	3.71965	0.857292	-0.331266	-2.07371	2.30402
3.31	3.72825	0.862792	-0.351986	-2.07029	2.32069
3.32	3.7369	0.868363	-0.372671	-2.06667	2.33753
3.33	3.74561	0.874007	-0.393319	-2.06284	2.35454
3.34	3.75438	0.879723	-0.413927	-2.0588	2.37172
3.35	3.76321	0.88551	-0.434494	-2.05456	2.38909
3.36	3.77209	0.89137	-0.455017	-2.05011	2.40663
3.37	3.78104	0.897301	-0.475495	-2.04546	2.42435
3.38	3.79004	0.903305	-0.495926	-2.0406	2.44226
3.39	3.7991	0.90938	-0.516307	-2.03554	2.46035
3.4	3.80823	0.915528	-0.536636	-2.03028	2.47864
3.41	3.81741	0.921747	-0.556912	-2.02481	2.49711
3.42	3.82666	0.928038	-0.577131	-2.01914	2.51578
3.43	3.83597	0.934402	-0.597294	-2.01327	2.53465
3.44	3.84535	0.940836	-0.617396	-2.00719	2.55372
3.45	3.85479	0.947343	-0.637437	-2.00092	2.57299
3.46	3.8643	0.953922	-0.657414	-1.99444	2.59246
3.47	3.87387	0.960572	-0.677325	-1.98777	2.61215
3.48	3.88351	0.967293	-0.697169	-1.9809	2.63204
3.49	3.89322	0.974086	-0.716943	-1.97383	2.65215
3.5	3.90299	0.980949	-0.736645	-1.96656	2.67247
3.51	3.91284	0.987884	-0.756273	-1.95909	2.69301
3.52	3.92275	0.99489	-0.775826	-1.95143	2.71378
3.53	3.93273	1.00197	-0.795301	-1.94358	2.73477
3.54	3.94279	1.00911	-0.814697	-1.93553	2.75598
3.55	3.95292	1.01633	-0.834011	-1.92728	2.77743
3.56	3.96312	1.02362	-0.853242	-1.91885	2.79911
3.57	3.97339	1.03097	-0.872387	-1.91022	2.82103
3.58	3.98374	1.0384	-0.891446	-1.9014	2.84318
3.59	3.99416	1.04589	-0.910415	-1.89239	2.86558
3.6	4.00465	1.05346	-0.929293	-1.88319	2.88821
3.61	4.01523	1.06109	-0.948078	-1.87381	2.9111
3.62	4.02588	1.06879	-0.966768	-1.86423	2.93424
3.63	4.0366	1.07656	-0.985362	-1.85447	2.95763
3.64	4.04741	1.0844	-1.00386	-1.84452	2.98127
3.65	4.05829	1.0923	-1.02225	-1.83439	3.00518
3.66	4.06925	1.10027	-1.04054	-1.82408	3.02935
3.67	4.0803	1.1083	-1.05873	-1.81358	3.05378
3.68	4.09142	1.1164	-1.07682	-1.80291	3.07847
3.69	4.10262	1.12457	-1.09479	-1.79205	3.10344
3.7	4.11391	1.1328	-1.11266	-1.78101	3.12868
3.71	4.12528	1.14109	-1.13041	-1.76979	3.1542
3.72	4.13673	1.14945	-1.14805	-1.7584	3.18
3.73	4.14827	1.15787	-1.16558	-1.74683	3.20608
3.74	4.15989	1.16635	-1.18299	-1.73509	3.23244
3.75	4.1716	1.17489	-1.20028	-1.72317	3.25909
3.76	4.18339	1.1835	-1.21745	-1.71109	3.28603
3.77	4.19527	1.19216	-1.2345	-1.69883	3.31327
3.78	4.20723	1.20088	-1.25143	-1.6864	3.3408
3.79	4.21928	1.20966	-1.26823	-1.6738	3.36863
3.8	4.23143	1.2185	-1.2849	-1.66103	3.39676
3.81	4.24365	1.22739	-1.30145	-1.6481	3.42519
3.82	4.25597	1.23634	-1.31786	-1.635	3.45393
3.83	4.26838	1.24534	-1.33415	-1.62174	3.48299
3.84	4.28088	1.2544	-1.3503	-1.60832	3.51235
3.85	4.29347	1.26351	-1.36631	-1.59474	3.54203
3.86	4.30615	1.27267	-1.38219	-1.581	3.57203
3.87	4.31892	1.28188	-1.39793	-1.56709	3.60234
3.88	4.33179	1.29114	-1.41353	-1.55304	3.63298
3.89	4.34475	1.30045	-1.42899	-1.53882	3.66394
3.9	4.3578	1.30981	-1.44431	-1.52446	3.69524
3.91	4.37094	1.31921	-1.45948	-1.50994	3.72686
3.92	4.38418	1.32865	-1.47451	-1.49527	3.75881
3.93	4.39752	1.33814	-1.48939	-1.48045	3.7911
3.94	4.41094	1.34767	-1.50412	-1.46548	3.82373
3.95	4.42447	1.35724	-1.51869	-1.45037	3.85669
3.96	4.43809	1.36684	-1.53312	-1.43511	3.89
3.97	4.45181	1.37649	-1.5474	-1.41971	3.92365
3.98	4.46562	1.38617	-1.56152	-1.40416	3.95765
3.99	4.47953	1.39588	-1.57548	-1.38848	3.99199
4	4.49354	1.40563	-1.58929	-1.37265	4.02668
4.01	4.50764	1.4154	-1.60293	-1.35669	4.06173
4.02	4.52185	1.42521	-1.61642	-1.34059	4.09712
4.03	4.53615	1.43504	-1.62974	-1.32436	4.13287
4.04	4.55055	1.4449	-1.64291	-1.308	4.16898
4.05	4.56504	1.45478	-1.6559	-1.29151	4.20545
4.06	4.57964	1.46468	-1.66873	-1.27488	4.24227
4.07	4.59434	1.4746	-1.6814	-1.25813	4.27946
4.08	4.60913	1.48454	-1.6939	-1.24125	4.317
4.09	4.62403	1.4945	-1.70622	-1.22425	4.35491
4.1	4.63902	1.50446	-1.71838	-1.20713	4.39319
4.11	4.65412	1.51444	-1.73037	-1.18989	4.43183
4.12	4.66931	1.52443	-1.74218	-1.17252	4.47083
4.13	4.68461	1.53442	-1.75382	-1.15504	4.5102
4.14	4.7	1.54442	-1.76528	-1.13745	4.54994
4.15	4.7155	1.55442	-1.77657	-1.11974	4.59005
4.16	4.73109	1.56442	-1.78767	-1.10192	4.63053
4.17	4.74678	1.57441	-1.7986	-1.08399	4.67137
4.18	4.76258	1.58441	-1.80935	-1.06595	4.71258
4.19	4.77847	1.59439	-1.81992	-1.0478	4.75417
4.2	4.79447	1.60436	-1.83031	-1.02955	4.79612
4.21	4.81056	1.61432	-1.84051	-1.01119	4.83844
4.22	4.82675	1.62426	-1.85053	-0.992738	4.88113
4.23	4.84304	1.63419	-1.86037	-0.974183	4.92418
4.24	4.85944	1.64409	-1.87002	-0.955532	4.96761
4.25	4.87593	1.65397	-1.87948	-0.936784	5.0114
4.26	4.89251	1.66383	-1.88875	-0.917943	5.05556
4.27	4.9092	1.67365	-1.89784	-0.899009	5.10008
4.28	4.92599	1.68344	-1.90673	-0.879987	5.14497
4.29	4.94287	1.69319	-1.91544	-0.860875	5.19022
4.3	4.95985	1.70291	-1.92395	-0.841679	5.23583
4.31	4.97693	1.71258	-1.93227	-0.822397	5.28181
4.32	4.9941	1.72221	-1.9404	-0.803034	5.32814
4.33	5.01137	1.73179	-1.94833	-0.78359	5.37482
4.34	5.02874	1.74132	-1.95607	-0.764068	5.42186
4.35	5.0462	1.7508	-1.96361	-0.744469	5.46926
4.36	5.06376	1.76022	-1.97096	-0.724796	5.517
4.37	5.0814	1.76958	-1.97811	-0.705051	5.5651
4.38	5.09915	1.77887	-1.98506	-0.685234	5.61353
4.39	5.11698	1.7881	-1.99181	-0.66535	5.66231
4.4	5.13491	1.79725	-1.99836	-0.645399	5.71143
4.41	5.15293	1.80634	-2.00472	-0.625384	5.76089
4.42	5.17103	1.81534	-2.01087	-0.605305	5.81067
4.43	5.18923	1.82427	-2.01682	-0.585167	5.86079
4.44	5.20752	1.83311	-2.02257	-0.564969	5.91124
4.45	5.22589	1.84187	-2.02812	-0.544716	5.96201
4.46	5.24436	1.85053	-2.03347	-0.524408	6.01309
4.47	5.2629	1.8591	-2.03861	-0.504048	6.0645
4.48	5.28154	1.86758	-2.04355	-0.483636	6.11621
4.49	5.30026	1.87595	-2.04828	-0.463177	6.16823
4.5	5.31906	1.88422	-2.05281	-0.442671	6.22055
4.51	5.33794	1.89238	-2.05714	-0.422122	6.27317
4.52	5.3569	1.90043	-2.06126	-0.401529	6.32609
4.53	5.37595	1.90836	-2.06517	-0.380897	6.37929
4.54	5.39507	1.91618	-2.06887	-0.360227	6.43278
4.55	5.41427	1.92388	-2.07237	-0.339521	6.48654
4.56	5.43355	1.93145	-2.07566	-0.31878	6.54058
4.57	5.4529	1.9389	-2.07875	-0.298008	6.59489
4.58	5.47233	1.94622	-2.08162	-0.277206	6.64946
4.59	5.49182	1.9534	-2.08429	-0.256376	6.70429
4.6	5.51139	1.96044	-2.08675	-0.23552	6.75936
4.61	5.53103	1.96734	-2.089	-0.214641	6.81469
4.62	5.55074	1.9741	-2.09104	-0.193741	6.87025
4.63	5.57051	1.98072	-2.09288	-0.172821	6.92605
4.64	5.59035	1.98718	-2.0945	-0.151884	6.98207
4.65	5.61026	1.99349	-2.09591	-0.130932	7.03832
4.66	5.63022	1.99965	-2.09712	-0.109967	7.09478
4.67	5.65025	2.00564	-2.09811	-0.08899	7.15146
4.68	5.67034	2.01147	-2.0989	-0.0680053	7.20833
4.69	5.69048	2.01714	-2.09947	-0.0470128	7.2654
4.7	5.71068	2.02265	-2.09984	-0.0260166	7.32266
4.71	5.73093	2.02798	-2.09999	-0.00501677	7.38011
4.72	5.75124	2.03314	-2.09994	0.0159825	7.43773
4.73	5.77159	2.03812	-2.09967	0.0369813	7.49552
4.74	5.792	2.04293	-2.0992	0.0579753	7.55347
4.75	5.81245	2.04755	-2.09851	0.0789645	7.61158
4.76	5.83295	2.052	-2.09762	0.0999448	7.66984
4.77	5.85349	2.05626	-2.09652	0.120916	7.72824
4.78	5.87407	2.06033	-2.0952	0.141874	7.78678
4.79	5.8947	2.06421	-2.09368	0.162819	7.84545
4.8	5.91536	2.0679	-2.09195	0.183747	7.90424
4.81	5.93605	2.0714	-2.09	0.204658	7.96314
4.82	5.95678	2.07471	-2.08785	0.225547	8.02215
4.83	5.97755	2.07782	-2.08549	0.246414	8.08127
4.84	5.99834	2.08073	-2.08292	0.267256	8.14048
4.85	6.01916	2.08344	-2.08015	0.288072	8.19978
4.86	6.04001	2.08594	-2.07716	0.308858	8.25915
4.87	6.06088	2.08825	-2.07397	0.329614	8.31861
4.88	6.08177	2.09035	-2.07057	0.350338	8.37813
4.89	6.10269	2.09225	-2.06696	0.371025	8.43771
4.9	6.12362	2.09394	-2.06315	0.391676	8.49734
4.91	6.14456	2.09543	-2.05913	0.412287	8.55703
4.92	6.16552	2.09671	-2.0549	0.432858	8.61675
4.93	6.1865	2.09778	-2.05047	0.453385	8.67651
4.94	6.20748	2.09864	-2.04584	0.473867	8.7363
4.95	6.22847	2.09929	-2.041	0.494301	8.79611
4.96	6.24946	2.09973	-2.03595	0.514686	8.85594
4.97	6.27046	2.09996	-2.0307	0.535019	8.91577
4.98	6.29146	2.09999	-2.02525	0.555299	8.97561
4.99	6.31246	2.0998	-2.0196	0.575523	9.03545
5	6.33346	2.0994	-2.01374	0.595691	9.09528
5.01	6.35445	2.09879	-2.00768	0.615797	9.1551
5.02	6.37543	2.09798	-2.00143	0.635844	9.21489
5.03	6.39641	2.09695	-1.99497	0.655825	9.27466
5.04	6.41737	2.09572	-1.98831	0.675742	9.3344
5.05	6.43832	2.09428	-1.98145	0.695591	9.3941
5.06	6.45926	2.09263	-1.9744	0.71537	9.45376
5.07	6.48017	2.09077	-1.96715	0.735078	9.51338
5.08	6.50107	2.08871	-1.9597	0.754713	9.57294
5.09	6.52195	2.08645	-1.95205	0.774271	9.63244
5.1	6.5428	2.08398	-1.94421	0.793753	9.69189
5.11	6.56363	2.08132	-1.93618	0.813155	9.75126
5.12	6.58443	2.07845	-1.92795	0.832476	9.81057
5.13	6.6052	2.07538	-1.91953	0.851714	9.8698
5.14	6.62593	2.07212	-1.91091	0.870866	9.92895
5.15	6.64664	2.06866	-1.90211	0.889931	9.98802
5.16	6.66731	2.06501	-1.89312	0.908907	10.047
5.17	6.68794	2.06117	-1.88393	0.927793	10.1059
5.18	6.70853	2.05713	-1.87456	0.946585	10.1647
5.19	6.72908	2.05291	-1.865	0.965284	10.2233
5.2	6.74959	2.04851	-1.85525	0.983885	10.2819
5.21	6.77005	2.04392	-1.84532	1.00239	10.3404
5.22	6.79046	2.03915	-1.83521	1.02079	10.3988
5.23	6.81083	2.03421	-1.82491	1.03909	10.457
5.24	6.83115	2.02908	-1.81443	1.05729	10.5151
5.25	6.85141	2.02379	-1.80376	1.07538	10.5731
5.26	6.87162	2.01832	-1.79292	1.09336	10.631
5.27	6.89178	2.01269	-1.7819	1.11124	10.6888
5.28	6.91188	2.00689	-1.77069	1.129	10.7464
5.29	6.93192	2.00093	-1.75932	1.14665	10.8039
5.3	6.95189	1.99481	-1.74776	1.16419	10.8612
5.31	6.97181	1.98853	-1.73603	1.18161	10.9185
5.32	6.99166	1.9821	-1.72413	1.19891	10.9755
5.33	7.01145	1.97552	-1.71205	1.21609	11.0325
5.34	7.03117	1.96879	-1.69981	1.23315	11.0892
5.35	7.05083	1.96191	-1.68739	1.25008	11.1459
5.36	7.07041	1.9549	-1.67481	1.26689	11.2024
5.37	7.08993	1.94775	-1.66205	1.28358	11.2587
5.38	7.10937	1.94046	-1.64914	1.30013	11.3148
5.39	7.12873	1.93304	-1.63605	1.31656	11.3709
5.4	7.14803	1.92549	-1.62281	1.33286	11.4267
5.41	7.16724	1.91782	-1.6094	1.34902	11.4824
5.42	7.18638	1.91003	-1.59583	1.36504	11.5379
5.43	7.20544	1.90212	-1.5821	1.38093	11.5933
5.44	7.22442	1.89409	-1.56821	1.39668	11.6485
5.45	7.24332	1.88595	-1.55416	1.4123	11.7035
5.46	7.26214	1.87771	-1.53996	1.42777	11.7584
5.47	7.28088	1.86936	-1.52561	1.44309	11.8131
5.48	7.29953	1.8609	-1.5111	1.45828	11.8676
5.49	7.3181	1.85235	-1.49644	1.47332	11.9219
5.5	7.33658	1.84371	-1.48163	1.48821	11.9761
5.51	7.35497	1.83497	-1.46668	1.50295	12.0301
5.52	7.37328	1.82615	-1.45158	1.51754	12.0839
5.53	7.39149	1.81724	-1.43633	1.53198	12.1375
5.54	7.40962	1.80825	-1.42094	1.54627	12.191
5.55	7.42766	1.79918	-1.4054	1.5604	12.2443
5.56	7.4456	1.79004	-1.38973	1.57437	12.2973
5.57	7.46346	1.78083	-1.37392	1.58819	12.3502
5.58	7.48122	1.77155	-1.35797	1.60185	12.403
5.59	7.49889	1.7622	-1.34188	1.61535	12.4555
5.6	7.51646	1.7528	-1.32566	1.62869	12.5078
5.61	7.53394	1.74333	-1.30931	1.64186	12.56
5.62	7.55133	1.73381	-1.29282	1.65487	12.612
5.63	7.56862	1.72424	-1.27621	1.66772	12.6637
5.64	7.58581	1.71462	-1.25947	1.6804	12.7153
5.65	7.60291	1.70496	-1.2426	1.69291	12.7667
5.66	7.61991	1.69525	-1.22561	1.70525	12.8179
5.67	7.63682	1.68551	-1.2085	1.71742	12.8689
5.68	7.65362	1.67572	-1.19126	1.72942	12.9197
5.69	7.67033	1.66591	-1.17391	1.74125	12.9704
5.7	7.68694	1.65606	-1.15644	1.7529	13.0208
5.71	7.70345	1.64619	-1.13885	1.76437	13.071
5.72	7.71987	1.63629	-1.12115	1.77567	13.121
5.73	7.73618	1.62637	-1.10334	1.7868	13.1709
5.74	7.75239	1.61643	-1.08542	1.79774	13.2205
5.75	7.76851	1.60647	-1.06739	1.8085	13.2699
5.76	7.78452	1.5965	-1.04925	1.81909	13.3192
5.77	7.80044	1.58652	-1.031	1.82949	13.3682
5.78	7.81625	1.57653	-1.01266	1.83971	13.4171
5.79	7.83197	1.56653	-0.994211	1.84974	13.4657
5.8	7.84758	1.55654	-0.975665	1.85959	13.5141
5.81	7.8631	1.54654	-0.95702	1.86925	13.5624
5.82	7.87851	1.53654	-0.938281	1.87873	13.6104
5.83	7.89383	1.52654	-0.919446	1.88802	13.6583
5.84	7.90904	1.51655	-0.900521	1.89712	13.7059
5.85	7.92416	1.50657	-0.881505	1.90603	13.7533
5.86	7.93918	1.4966	-0.862401	1.91475	13.8005
5.87	7.95409	1.48665	-0.84321	1.92328	13.8476
5.88	7.96891	1.4767	-0.823936	1.93161	13.8944
5.89	7.98363	1.46678	-0.804579	1.93976	13.941
5.9	7.99825	1.45687	-0.785141	1.9477	13.9874
5.91	8.01276	1.44699	-0.765625	1.95546	14.0336
5.92	8.02719	1.43713	-0.746032	1.96302	14.0796
5.93	8.04151	1.42729	-0.726366	1.97038	14.1254
5.94	8.05573	1.41748	-0.706625	1.97754	14.171
5.95	8.06986	1.40769	-0.686815	1.98451	14.2164
5.96	8.08389	1.39794	-0.666936	1.99128	14.2616
5.97	8.09782	1.38822	-0.646991	1.99785	14.3065
5.98	8.11165	1.37853	-0.62698	2.00422	14.3513
5.99	8.12539	1.36888	-0.606907	2.01039	14.3959
6	8.13903	1.35927	-0.586773	2.01636	14.4402
6.01	8.15257	1.34969	-0.56658	2.02212	14.4844
6.02	8.16602	1.34015	-0.546331	2.02769	14.5283
6.03	8.17938	1.33066	-0.526027	2.03305	14.5721
6.04	8.19263	1.3212	-0.50567	2.03821	14.6156
6.05	8.2058	1.31179	-0.485264	2.04316	14.6589
6.06	8.21887	1.30243	-0.464808	2.04791	14.7021
6.07	8.23185	1.29311	-0.444306	2.05246	14.745
6.08	8.24473	1.28384	-0.423759	2.0568	14.7877
6.09	8.25753	1.27462	-0.403171	2.06094	14.8302
6.1	8.27023	1.26545	-0.382541	2.06486	14.8726
6.11	8.28283	1.25633	-0.361875	2.06859	14.9147
6.12	8.29535	1.24726	-0.34117	2.0721	14.9566
6.13	8.30778	1.23824	-0.320433	2.07541	14.9983
6.14	8.32012	1.22928	-0.299663	2.07851	15.0398
6.15	8.33237	1.22038	-0.278863	2.0814	15.0811
6.16	8.34452	1.21153	-0.258036	2.08409	15.1222
6.17	8.3566	1.20274	-0.237182	2.08656	15.1631
6.18	8.36858	1.194	-0.216305	2.08883	15.2038
6.19	8.38048	1.18533	-0.195406	2.09089	15.2443
6.2	8.39229	1.17671	-0.174488	2.09274	15.2846
6.21	8.40401	1.16815	-0.153552	2.09438	15.3247
6.22	8.41565	1.15966	-0.132601	2.09581	15.3646
6.23	8.4272	1.15123	-0.111636	2.09703	15.4043
6.24	8.43867	1.14286	-0.0906614	2.09804	15.4438
6.25	8.45006	1.13455	-0.0696764	2.09884	15.4832
6.26	8.46137	1.12631	-0.0486853	2.09944	15.5223
6.27	8.47259	1.11813	-0.0276884	2.09982	15.5612
6.28	8.48373	1.11001	-0.00668969	2.09999	15.6
6.29	8.49479	1.10196	0.0143107	2.09995	15.6385
6.3	8.50577	1.09398	0.0353086	2.0997	15.6768
6.31	8.51667	1.08606	0.056304	2.09925	15.715
6.32	8.52749	1.07821	0.0772927	2.09858	15.753
6.33	8.53823	1.07043	0.0982748	2.0977	15.7908
6.34	8.5489	1.06272	0.119246	2.09661	15.8284
6.35	8.55949	1.05507	0.140206	2.09531	15.8658
6.36	8.57	1.04749	0.161152	2.09381	15.903
6.37	8.58044	1.03998	0.182082	2.09209	15.94
6.38	8.5908	1.03254	0.202993	2.09017	15.9769
6.39	8.60109	1.02517	0.223884	2.08803	16.0135
6.4	8.6113	1.01787	0.244753	2.08569	16.05
6.41	8.62144	1.01064	0.265597	2.08314	16.0863
6.42	8.63152	1.00347	0.286416	2.08038	16.1225
6.43	8.64151	0.996382	0.307204	2.07741	16.1584
6.44	8.65144	0.989362	0.327963	2.07423	16.1942
6.45	8.6613	0.982412	0.348688	2.07085	16.2298
6.46	8.67109	0.975533	0.369379	2.06726	16.2652
6.47	8.68081	0.968725	0.390032	2.06346	16.3004
6.48	8.69047	0.961989	0.410648	2.05946	16.3355
6.49	8.70005	0.955324	0.431221	2.05525	16.3704
6.5	8.70957	0.94873	0.451752	2.05083	16.4052
6.51	8.71903	0.942208	0.472237	2.04621	16.4397
6.52	8.72842	0.935758	0.492676	2.04139	16.4741
6.53	8.73774	0.92938	0.513064	2.03636	16.5084
6.54	8.74701	0.923073	0.533402	2.03113	16.5424
6.55	8.7562	0.916838	0.553686	2.02569	16.5764
6.56	8.76534	0.910676	0.573915	2.02005	16.6101
6.57	8.77442	0.904585	0.594086	2.01421	16.6437
6.58	8.78343	0.898566	0.614199	2.00817	16.6771
6.59	8.79239	0.89262	0.634249	2.00193	16.7104
6.6	8.80129	0.886745	0.654237	1.99549	16.7435
6.61	8.81013	0.880942	0.674158	1.98885	16.7765
6.62	8.81891	0.875211	0.694013	1.98201	16.8093
6.63	8.82763	0.869552	0.713797	1.97497	16.842
6.64	8.8363	0.863966	0.733512	1.96773	16.8745
6.65	8.84491	0.858451	0.753151	1.9603	16.9069
6.66	8.85347	0.853007	0.772717	1.95267	16.9391
6.67	8.86197	0.847636	0.792205	1.94484	16.9712
6.68	8.87042	0.842336	0.811613	1.93682	17.0031
6.69	8.87882	0.837108	0.830941	1.92861	17.035
6.7	8.88716	0.831951	0.850184	1.9202	17.0666
6.71	8.89546	0.826866	0.869344	1.91161	17.0982
6.72	8.9037	0.821852	0.888416	1.90282	17.1296
6.73	8.91189	0.81691	0.9074	1.89384	17.1608
6.74	8.92004	0.812038	0.926292	1.88467	17.192
6.75	8.92813	0.807238	0.945092	1.87531	17.223
6.76	8.93618	0.802509	0.963798	1.86577	17.2538
6.77	8.94419	0.79785	0.982407	1.85604	17.2846
6.78	8.95214	0.793263	1.00092	1.84612	17.3152
6.79	8.96005	0.788745	1.01933	1.83602	17.3457
6.8	8.96792	0.784299	1.03764	1.82573	17.3761
6.81	8.97574	0.779923	1.05584	1.81527	17.4064
6.82	8.98351	0.775617	1.07394	1.80462	17.4365
6.83	8.99125	0.771381	1.09193	1.79379	17.4666
6.84	8.99894	0.767215	1.10982	1.78278	17.4965
6.85	9.00659	0.763119	1.12759	1.77159	17.5263
6.86	9.0142	0.759093	1.14525	1.76023	17.556
6.87	9.02178	0.755137	1.16279	1.74869	17.5856
6.88	9.02931	0.751249	1.18022	1.73697	17.6151
6.89	9.0368	0.747432	1.19753	1.72508	17.6445
6.9	9.04426	0.743683	1.21472	1.71302	17.6738
6.91	9.05168	0.740004	1.23179	1.70079	17.7031
6.92	9.05906	0.736393	1.24874	1.68839	17.7322
6.93	9.0664	0.732851	1.26556	1.67582	17.7612
6.94	9.07372	0.729378	1.28225	1.66308	17.7901
6.95	9.08099	0.725973	1.29882	1.65017	17.8189
6.96	9.08823	0.722637	1.31526	1.6371	17.8477
6.97	9.09544	0.719369	1.33156	1.62387	17.8763
6.98	9.10262	0.716169	1.34773	1.61047	17.9049
6.99	9.10977	0.713036	1.36377	1.59691	17.9334
7	9.11688	0.709972	1.37967	1.58319	17.9618
7.01	9.12397	0.706975	1.39543	1.56932	17.9902
7.02	9.13102	0.704046	1.41106	1.55529	18.0184
7.03	9.13805	0.701184	1.42654	1.5411	18.0466
7.04	9.14505	0.69839	1.44188	1.52676	18.0748
7.05	9.15202	0.695662	1.45707	1.51226	18.1028
7.06	9.15896	0.693002	1.47212	1.49762	18.1308
7.07	9.16588	0.690408	1.48703	1.48282	18.1587
7.08	9.17277	0.687881	1.50178	1.46788	18.1866
7.09	9.17964	0.685421	1.51638	1.45278	18.2144
7.1	9.18648	0.683027	1.53083	1.43755	18.2422
7.11	9.1933	0.6807	1.54513	1.42217	18.2699
7.12	9.20009	0.678439	1.55928	1.40665	18.2975
7.13	9.20687	0.676244	1.57327	1.39098	18.3251
7.14	9.21362	0.674115	1.5871	1.37518	18.3527
7.15	9.22035	0.672052	1.60077	1.35924	18.3802
7.16	9.22706	0.670055	1.61428	1.34317	18.4076
7.17	9.23375	0.668124	1.62763	1.32696	18.435
7.18	9.24042	0.666258	1.64082	1.31061	18.4624
7.19	9.24708	0.664457	1.65384	1.29414	18.4898
7.2	9.25371	0.662722	1.6667	1.27754	18.5171
7.21	9.26033	0.661053	1.67939	1.26081	18.5444
7.22	9.26693	0.659448	1.69192	1.24395	18.5716
7.23	9.27352	0.657909	1.70427	1.22697	18.5989
7.24	9.28009	0.656434	1.71646	1.20987	18.6261
7.25	9.28665	0.655025	1.72847	1.19264	18.6533
7.26	9.29319	0.653681	1.74031	1.1753	18.6804
7.27	9.29972	0.652401	1.75198	1.15784	18.7076
7.28	9.30624	0.651186	1.76347	1.14026	18.7347
7.29	9.31275	0.650036	1.77478	1.12257	18.7619
7.3	9.31924	0.64895	1.78592	1.10476	18.789
7.31	9.32572	0.647929	1.79687	1.08685	18.8161
7.32	9.3322	0.646972	1.80765	1.06883	18.8432
7.33	9.33866	0.64608	1.81825	1.0507	18.8703
7.34	9.34512	0.645252	1.82867	1.03246	18.8974
7.35	9.35157	0.644488	1.8389	1.01412	18.9245
7.36	9.35801	0.643789	1.84895	0.995685	18.9517
7.37	9.36444	0.643154	1.85881	0.977145	18.9788
7.38	9.37087	0.642583	1.86849	0.958509	19.0059
7.39	9.3773	0.642076	1.87798	0.939776	19.0331
7.4	9.38371	0.641634	1.88729	0.92095	19.0603
7.41	9.39013	0.641255	1.8964	0.902031	19.0875
7.42	9.39654	0.640941	1.90533	0.883023	19.1147
7.43	9.40295	0.640691	1.91406	0.863925	19.1419
7.44	9.40935	0.640504	1.92261	0.844741	19.1692
7.45	9.41576	0.640382	1.93096	0.825474	19.1965
7.46	9.42216	0.640324	1.93911	0.806123	19.2238
7.47	9.42856	0.64033	1.94708	0.786692	19.2512
7.48	9.43497	0.6404	1.95485	0.767182	19.2786
7.49	9.44137	0.640534	1.96242	0.747596	19.3061
7.5	9.44778	0.640731	1.9698	0.727934	19.3336
7.51	9.45419	0.640993	1.97698	0.708201	19.3611
7.52	9.4606	0.64132	1.98396	0.688395	19.3887
7.53	9.46701	0.64171	1.99075	0.668522	19.4164
7.54	9.47343	0.642164	1.99733	0.648581	19.4441
7.55	9.47986	0.642682	2.00372	0.628576	19.4718
7.56	9.48629	0.643265	2.00991	0.608507	19.4996
7.57	9.49272	0.643912	2.01589	0.588379	19.5275
7.58	9.49917	0.644623	2.02167	0.56819	19.5555
7.59	9.50562	0.645398	2.02725	0.547946	19.5835
7.6	9.51207	0.646238	2.03263	0.527646	19.6116
7.61	9.51854	0.647142	2.03781	0.507294	19.6398
7.62	9.52502	0.64811	2.04278	0.48689	19.668
7.63	9.5315	0.649143	2.04754	0.466439	19.6964
7.64	9.538	0.650241	2.05211	0.44594	19.7248
7.65	9.54451	0.651403	2.05646	0.425398	19.7533
7.66	9.55103	0.65263	2.06061	0.404812	19.7819
7.67	9.55756	0.653921	2.06456	0.384186	19.8106
7.68	9.56411	0.655278	2.0683	0.363521	19.8393
7.69	9.57067	0.656699	2.07183	0.34282	19.8682
7.7	9.57724	0.658185	2.07515	0.322085	19.8972
7.71	9.58383	0.659736	2.07827	0.301318	19.9263
7.72	9.59044	0.661353	2.08118	0.280521	19.9555
7.73	9.59706	0.663034	2.08388	0.259695	19.9848
7.74	9.6037	0.664781	2.08637	0.238844	20.0143
7.75	9.61035	0.666594	2.08866	0.217968	20.0438
7.76	9.61703	0.668472	2.09073	0.197072	20.0735
7.77	9.62372	0.670415	2.0926	0.176154	20.1033
7.78	9.63044	0.672424	2.09426	0.15522	20.1332
7.79	9.63717	0.674499	2.0957	0.13427	20.1633
7.8	9.64393	0.67664	2.09694	0.113307	20.1935
7.81	9.65071	0.678847	2.09797	0.0923318	20.2238
7.82	9.65751	0.681121	2.09879	0.0713483	20.2543
7.83	9.66433	0.68346	2.0994	0.0503568	20.2849
7.84	9.67118	0.685866	2.09979	0.0293612	20.3157
7.85	9.67805	0.688338	2.09998	0.00836161	20.3466
7.86	9.68494	0.690877	2.09996	-0.0126378	20.3776
7.87	9.69186	0.693483	2.09973	-0.0336369	20.4089
7.88	9.69881	0.696156	2.09929	-0.0546316	20.4403
7.89	9.70579	0.698896	2.09864	-0.0756219	20.4718
7.9	9.71279	0.701703	2.09778	-0.0966037	20.5036
7.91	9.71982	0.704577	2.09671	-0.117577	20.5355
7.92	9.72688	0.707518	2.09543	-0.138537	20.5675
7.93	9.73397	0.710527	2.09394	-0.159484	20.5998
7.94	9.74109	0.713604	2.09224	-0.180416	20.6322
7.95	9.74824	0.716749	2.09033	-0.201328	20.6649
7.96	9.75543	0.719961	2.08821	-0.222222	20.6977
7.97	9.76264	0.723242	2.08588	-0.243092	20.7307
7.98	9.76989	0.726591	2.08335	-0.263939	20.7639
7.99	9.77717	0.730008	2.0806	-0.284758	20.7973
8	9.78449	0.733494	2.07765	-0.30555	20.8309
8.01	9.79185	0.737048	2.07449	-0.326311	20.8647
8.02	9.79923	0.740671	2.07113	-0.347038	20.8988
8.03	9.80666	0.744364	2.06755	-0.367732	20.933
8.04	9.81412	0.748125	2.06377	-0.388389	20.9675
8.05	9.82162	0.751955	2.05978	-0.409008	21.0022
8.06	9.82916	0.755855	2.05559	-0.429583	21.0371
8.07	9.83674	0.759824	2.05119	-0.450118	21.0723
8.08	9.84436	0.763863	2.04659	-0.470608	21.1077
8.09	9.85202	0.767972	2.04178	-0.49105	21.1433
8.1	9.85972	0.77215	2.03677	-0.511442	21.1792
8.11	9.86746	0.776399	2.03155	-0.531784	21.2153
8.12	9.87525	0.780718	2.02613	-0.552073	21.2517
8.13	9.88307	0.785107	2.02051	-0.572307	21.2883
8.14	9.89095	0.789566	2.01469	-0.592481	21.3252
8.15	9.89887	0.794096	2.00866	-0.612599	21.3624
8.16	9.90683	0.798697	2.00244	-0.632655	21.3998
8.17	9.91484	0.803368	1.99601	-0.652648	21.4375
8.18	9.9229	0.80811	1.98938	-0.672573	21.4755
8.19	9.931	0.812924	1.98256	-0.692434	21.5138
8.2	9.93916	0.817808	1.97553	-0.712225	21.5523
8.21	9.94736	0.822764	1.96831	-0.731945	21.5911
8.22	9.95561	0.82779	1.9609	-0.751591	21.6303
8.23	9.96392	0.832889	1.95328	-0.771161	21.6697
8.24	9.97227	0.838058	1.94547	-0.790655	21.7094
8.25	9.98068	0.8433	1.93747	-0.810071	21.7495
8.26	9.98914	0.848613	1.92927	-0.829405	21.7898
8.27	9.99765	0.853997	1.92088	-0.848654	21.8305
8.28	10.0062	0.859454	1.9123	-0.867821	21.8714
8.29	10.0148	0.864982	1.90352	-0.886901	21.9127
8.3	10.0235	0.870582	1.89456	-0.905892	21.9544
8.31	10.0323	0.876254	1.88541	-0.92479	21.9963
8.32	10.041	0.881998	1.87607	-0.943598	22.0387
8.33	10.0499	0.887814	1.86654	-0.962312	22.0813
8.34	10.0588	0.893701	1.85682	-0.980929	22.1243
8.35	10.0678	0.899661	1.84692	-0.999447	22.1676
8.36	10.0768	0.905693	1.83683	-1.01787	22.2113
8.37	10.0859	0.911797	1.82656	-1.03618	22.2554
8.38	10.095	0.917973	1.81611	-1.0544	22.2998
8.39	10.1042	0.924221	1.80547	-1.0725	22.3446
8.4	10.1135	0.93054	1.79466	-1.09051	22.3898
8.41	10.1228	0.936932	1.78366	-1.1084	22.4354
8.42	10.1322	0.943395	1.77249	-1.12618	22.4813
8.43	10.1417	0.94993	1.76114	-1.14385	22.5276
8.44	10.1512	0.956537	1.74961	-1.1614	22.5743
8.45	10.1608	0.963215	1.73791	-1.17884	22.6215
8.46	10.1705	0.969964	1.72604	-1.19616	22.669
8.47	10.1802	0.976785	1.71399	-1.21336	22.7169
8.48	10.19	0.983677	1.70177	-1.23044	22.7652
8.49	10.1999	0.99064	1.68938	-1.24739	22.814
8.5	10.2099	0.997673	1.67682	-1.26422	22.8632
8.51	10.2199	1.00478	1.6641	-1.28093	22.9128
8.52	10.23	1.01195	1.65121	-1.29751	22.9628
8.53	10.2401	1.0192	1.63815	-1.31395	23.0133
8.54	10.2503	1.02651	1.62493	-1.33027	23.0642
8.55	10.2606	1.03389	1.61154	-1.34645	23.1156
8.56	10.271	1.04135	1.598	-1.3625	23.1674
8.57	10.2815	1.04887	1.58429	-1.37841	23.2197
8.58	10.292	1.05646	1.57043	-1.39418	23.2724
8.59	10.3026	1.06412	1.55641	-1.40982	23.3256
8.6	10.3133	1.07185	1.54223	-1.42531	23.3793
8.61	10.324	1.07964	1.5279	-1.44066	23.4334
8.62	10.3349	1.08751	1.51342	-1.45587	23.488
8.63	10.3458	1.09543	1.49879	-1.47093	23.5432
8.64	10.3568	1.10343	1.484	-1.48584	23.5988
8.65	10.3679	1.11149	1.46907	-1.50061	23.6548
8.66	10.379	1.11962	1.45399	-1.51523	23.7114
8.67	10.3902	1.12781	1.43877	-1.52969	23.7685
8.68	10.4016	1.13606	1.4234	-1.544	23.8261
8.69	10.413	1.14438	1.40789	-1.55816	23.8843
8.7	10.4245	1.15276	1.39224	-1.57216	23.9429
8.71	10.436	1.16121	1.37644	-1.586	24.0021
8.72	10.4477	1.16971	1.36052	-1.59969	24.0617
8.73	10.4594	1.17828	1.34445	-1.61321	24.122
8.74	10.4712	1.18691	1.32825	-1.62657	24.1827
8.75	10.4832	1.19559	1.31192	-1.63978	24.244
8.76	10.4952	1.20434	1.29546	-1.65281	24.3058
8.77	10.5072	1.21314	1.27887	-1.66568	24.3682
8.78	10.5194	1.222	1.26214	-1.67839	24.4312
8.79	10.5317	1.23092	1.2453	-1.69093	24.4947
8.8	10.544	1.23989	1.22833	-1.7033	24.5587
8.81	10.5565	1.24891	1.21123	-1.71549	24.6234
8.82	10.569	1.25799	1.19402	-1.72752	24.6886
8.83	10.5816	1.26712	1.17668	-1.73937	24.7544
8.84	10.5944	1.2763	1.15923	-1.75105	24.8207
8.85	10.6072	1.28553	1.14166	-1.76256	24.8877
8.86	10.6201	1.29481	1.12398	-1.77389	24.9552
8.87	10.6331	1.30414	1.10618	-1.78504	25.0233
8.88	10.6462	1.31351	1.08828	-1.79601	25.092
8.89	10.6593	1.32293	1.07027	-1.8068	25.1613
8.9	10.6726	1.33239	1.05214	-1.81741	25.2313
8.91	10.686	1.34189	1.03392	-1.82784	25.3018
8.92	10.6994	1.35144	1.01559	-1.83809	25.3729
8.93	10.713	1.36102	0.997157	-1.84816	25.4447
8.94	10.7267	1.37064	0.978626	-1.85803	25.517
8.95	10.7404	1.3803	0.959996	-1.86773	25.59
8.96	10.7543	1.39	0.941271	-1.87723	25.6636
8.97	10.7682	1.39972	0.922451	-1.88655	25.7378
8.98	10.7823	1.40948	0.903542	-1.89568	25.8127
8.99	10.7964	1.41927	0.884539	-1.90462	25.8882
9	10.8107	1.42908	0.865449	-1.91337	25.9643
9.01	10.825	1.43893	0.846272	-1.92193	26.0411
9.02	10.8394	1.44879	0.827012	-1.9303	26.1184
9.03	10.854	1.45868	0.807667	-1.93847	26.1965
9.04	10.8686	1.46859	0.788242	-1.94645	26.2752
9.05	10.8833	1.47852	0.768738	-1.95424	26.3545
9.06	10.8982	1.48847	0.749159	-1.96183	26.4344
9.07	10.9131	1.49843	0.729503	-1.96922	26.515
9.08	10.9281	1.5084	0.709774	-1.97642	26.5963
9.09	10.9433	1.51838	0.689975	-1.98341	26.6782
9.1	10.9585	1.52837	0.670108	-1.99021	26.7608
9.11	10.9738	1.53836	0.650172	-1.99682	26.844
9.12	10.9893	1.54836	0.630171	-2.00322	26.9278
9.13	11.0048	1.55836	0.610107	-2.00942	27.0124
9.14	11.0204	1.56836	0.589984	-2.01542	27.0975
9.15	11.0362	1.57836	0.569801	-2.02122	27.1833
9.16	11.052	1.58834	0.54956	-2.02682	27.2698
9.17	11.0679	1.59832	0.529264	-2.03221	27.357
9.18	11.084	1.60829	0.508917	-2.0374	27.4447
9.19	11.1001	1.61824	0.488518	-2.04239	27.5332
9.2	11.1163	1.62818	0.468069	-2.04717	27.6223
9.21	11.1327	1.6381	0.447574	-2.05175	27.712
9.22	11.1491	1.64799	0.427034	-2.05612	27.8024
9.23	11.1656	1.65786	0.406453	-2.06029	27.8934
9.24	11.1823	1.6677	0.38583	-2.06425	27.9851
9.25	11.199	1.67751	0.365168	-2.06801	28.0774
9.26	11.2158	1.68729	0.344469	-2.07156	28.1704
9.27	11.2327	1.69703	0.323739	-2.0749	28.264
9.28	11.2498	1.70673	0.302973	-2.07803	28.3583
9.29	11.2669	1.71639	0.282178	-2.08096	28.4532
9.3	11.2841	1.726	0.261354	-2.08367	28.5487
9.31	11.3014	1.73556	0.240506	-2.08618	28.6448
9.32	11.3188	1.74507	0.219632	-2.08848	28.7416
9.33	11.3363	1.75452	0.198736	-2.09057	28.839
9.34	11.3539	1.76392	0.17782	-2.09246	28.937
9.35	11.3716	1.77325	0.156889	-2.09413	29.0356
9.36	11.3894	1.78252	0.135939	-2.0956	29.1349
9.37	11.4072	1.79172	0.114976	-2.09685	29.2347
9.38	11.4252	1.80085	0.0940021	-2.09789	29.3351
9.39	11.4432	1.8099	0.0730203	-2.09873	29.4362
9.4	11.4614	1.81887	0.0520292	-2.09936	29.5378
9.41	11.4796	1.82777	0.0310329	-2.09977	29.64
9.42	11.4979	1.83658	0.0100335	-2.09998	29.7428
9.43	11.5163	1.84529	-0.0109649	-2.09997	29.8461
9.44	11.5348	1.85392	-0.0319642	-2.09976	29.95
9.45	11.5534	1.86246	-0.0529603	-2.09933	30.0545
9.46	11.5721	1.87089	-0.0739511	-2.0987	30.1596
9.47	11.5908	1.87922	-0.0949325	-2.09785	30.2651
9.48	11.6097	1.88745	-0.115906	-2.0968	30.3712
9.49	11.6286	1.89557	-0.136869	-2.09553	30.4779
9.5	11.6476	1.90357	-0.157817	-2.09406	30.585
9.51	11.6667	1.91146	-0.17875	-2.09238	30.6927
9.52	11.6858	1.91923	-0.199663	-2.09049	30.8009
9.53	11.7051	1.92688	-0.220558	-2.08839	30.9095
9.54	11.7244	1.93441	-0.241431	-2.08608	31.0187
9.55	11.7437	1.9418	-0.26228	-2.08356	31.1283
9.56	11.7632	1.94906	-0.283101	-2.08083	31.2385
9.57	11.7827	1.95619	-0.303895	-2.07789	31.349
9.58	11.8023	1.96318	-0.324659	-2.07475	31.46
9.59	11.822	1.97003	-0.34539	-2.0714	31.5715
9.6	11.8417	1.97673	-0.366085	-2.06784	31.6834
9.61	11.8615	1.98328	-0.386745	-2.06408	31.7957
9.62	11.8814	1.98969	-0.407367	-2.06011	31.9084
9.63	11.9013	1.99594	-0.427948	-2.05593	32.0215
9.64	11.9213	2.00203	-0.448484	-2.05155	32.135
9.65	11.9413	2.00796	-0.468977	-2.04696	32.2489
9.66	11.9615	2.01373	-0.489423	-2.04217	32.3632
9.67	11.9816	2.01933	-0.509821	-2.03718	32.4778
9.68	12.0018	2.02477	-0.530165	-2.03198	32.5927
9.69	12.0221	2.03003	-0.550459	-2.02657	32.708
9.7	12.0424	2.03512	-0.570697	-2.02097	32.8236
9.71	12.0628	2.04004	-0.590878	-2.01516	32.9395
9.72	12.0832	2.04477	-0.610998	-2.00915	33.0558
9.73	12.1037	2.04933	-0.631059	-2.00294	33.1723
9.74	12.1242	2.0537	-0.651057	-1.99653	33.289
9.75	12.1448	2.05789	-0.67099	-1.98992	33.4061
9.76	12.1654	2.06188	-0.690856	-1.98311	33.5234
9.77	12.186	2.06569	-0.710651	-1.9761	33.6409
9.78	12.2067	2.06931	-0.730376	-1.9689	33.7586
9.79	12.2274	2.07273	-0.750029	-1.96149	33.8766
9.8	12.2482	2.07596	-0.769607	-1.95389	33.9948
9.81	12.2689	2.07899	-0.789105	-1.9461	34.1131
9.82	12.2897	2.08182	-0.808527	-1.93811	34.2316
9.83	12.3106	2.08445	-0.827868	-1.92993	34.3503
9.84	12.3314	2.08688	-0.847126	-1.92156	34.4692
9.85	12.3523	2.0891	-0.866297	-1.91299	34.5881
9.86	12.3732	2.09113	-0.885384	-1.90423	34.7072
9.87	12.3941	2.09294	-0.904382	-1.89528	34.8265
9.88	12.4151	2.09455	-0.92329	-1.88614	34.9458
9.89	12.436	2.09596	-0.942103	-1.87682	35.0652
9.9	12.457	2.09715	-0.960825	-1.8673	35.1847
9.91	12.478	2.09814	-0.97945	-1.8576	35.3042
9.92	12.4989	2.09892	-0.997977	-1.84771	35.4238
9.93	12.5199	2.09949	-1.0164	-1.83764	35.5435
9.94	12.5409	2.09985	-1.03473	-1.82739	35.6631
9.95	12.5619	2.1	-1.05295	-1.81695	35.7828
9.96	12.5829	2.09994	-1.07107	-1.80633	35.9025
9.97	12.6039	2.09967	-1.08908	-1.79553	36.0221
9.98	12.6249	2.09919	-1.10698	-1.78455	36.1418
9.99	12.6459	2.0985	-1.12477	-1.77339	36.2614
10	12.6669	2.0976	-1.14244	-1.76205	36.381
10.01	12.6879	2.09649	-1.16001	-1.75054	36.5005
10.02	12.7088	2.09517	-1.17745	-1.73885	36.6199
10.03	12.7298	2.09365	-1.19478	-1.72699	36.7393
10.04	12.7507	2.09192	-1.21199	-1.71496	36.8586
10.05	12.7716	2.08998	-1.22908	-1.70275	36.9778
10.06	12.7925	2.08784	-1.24605	-1.69037	37.0968
10.07	12.8134	2.0855	-1.26289	-1.67783	37.2158
10.08	12.8342	2.08296	-1.2796	-1.66512	37.3346
10.09	12.855	2.08021	-1.29619	-1.65224	37.4532
10.1	12.8758	2.07726	-1.31265	-1.63919	37.5718
10.11	12.8966	2.07412	-1.32897	-1.62599	37.6901
10.12	12.9173	2.07078	-1.34517	-1.61261	37.8083
10.13	12.938	2.06724	-1.36123	-1.59908	37.9263
10.14	12.9586	2.06352	-1.37715	-1.58539	38.044
10.15	12.9792	2.0596	-1.39293	-1.57154	38.1616
10.16	12.9998	2.05549	-1.40858	-1.55753	38.279
10.17	13.0204	2.0512	-1.42408	-1.54337	38.3962
10.18	13.0408	2.04672	-1.43944	-1.52905	38.5131
10.19	13.0613	2.04206	-1.45466	-1.51458	38.6298
10.2	13.0817	2.03722	-1.46974	-1.49996	38.7462
10.21	13.102	2.03221	-1.48466	-1.48519	38.8624
10.22	13.1223	2.02702	-1.49944	-1.47027	38.9783
10.23	13.1426	2.02165	-1.51407	-1.4552	39.0939
10.24	13.1628	2.01612	-1.52854	-1.43998	39.2093
10.25	13.1829	2.01042	-1.54287	-1.42463	39.3244
10.26	13.203	2.00456	-1.55704	-1.40913	39.4392
10.27	13.223	1.99853	-1.57105	-1.39349	39.5536
10.28	13.2429	1.99235	-1.5849	-1.37771	39.6678
10.29	13.2628	1.98601	-1.5986	-1.36179	39.7816
10.3	13.2827	1.97952	-1.61214	-1.34574	39.8951
10.31	13.3024	1.97288	-1.62552	-1.32955	40.0083
10.32	13.3221	1.96609	-1.63873	-1.31323	40.1212
10.33	13.3417	1.95917	-1.65178	-1.29677	40.2337
10.34	13.3613	1.9521	-1.66467	-1.28019	40.3458
10.35	13.3808	1.94489	-1.67738	-1.26348	40.4576
10.36	13.4002	1.93755	-1.68993	-1.24664	40.569
10.37	13.4195	1.93008	-1.70232	-1.22968	40.6801
10.38	13.4388	1.92248	-1.71453	-1.2126	40.7908
10.39	13.458	1.91476	-1.72657	-1.19539	40.9011
10.4	13.4771	1.90692	-1.73844	-1.17807	41.011
10.41	13.4961	1.89897	-1.75013	-1.16062	41.1205
10.42	13.5151	1.8909	-1.76165	-1.14306	41.2296
10.43	13.5339	1.88271	-1.77299	-1.12539	41.3384
10.44	13.5527	1.87443	-1.78415	-1.10761	41.4467
10.45	13.5714	1.86603	-1.79514	-1.08971	41.5546
10.46	13.59	1.85754	-1.80595	-1.0717	41.6621
10.47	13.6086	1.84896	-1.81657	-1.05359	41.7692
10.48	13.627	1.84027	-1.82702	-1.03537	41.8758
10.49	13.6454	1.8315	-1.83728	-1.01705	41.9821
10.5	13.6637	1.82265	-1.84736	-0.998627	42.0879
10.51	13.6818	1.8137	-1.85725	-0.980104	42.1932
10.52	13.6999	1.80468	-1.86696	-0.961484	42.2982
10.53	13.7179	1.79559	-1.87648	-0.942766	42.4027
10.54	13.7358	1.78642	-1.88582	-0.923954	42.5067
10.55	13.7537	1.77718	-1.89496	-0.90505	42.6103
10.56	13.7714	1.76787	-1.90392	-0.886056	42.7135
10.57	13.789	1.7585	-1.91268	-0.866973	42.8162
10.58	13.8066	1.74907	-1.92126	-0.847802	42.9184
10.59	13.824	1.73959	-1.92964	-0.828547	43.0202
10.6	13.8413	1.73005	-1.93783	-0.809211	43.1215
10.61	13.8586	1.72046	-1.94582	-0.789792	43.2224
10.62	13.8758	1.71082	-1.95362	-0.770295	43.3228
10.63	13.8928	1.70114	-1.96123	-0.75072	43.4227
10.64	13.9098	1.69141	-1.96864	-0.731072	43.5222
10.65	13.9266	1.68165	-1.97585	-0.711349	43.6212
10.66	13.9434	1.67186	-1.98286	-0.691554	43.7197
10.67	13.9601	1.66203	-1.98968	-0.671691	43.8177
10.68	13.9767	1.65217	-1.9963	-0.651762	43.9153
10.69	13.9931	1.64229	-2.00272	-0.631767	44.0124
10.7	14.0095	1.63238	-2.00893	-0.611708	44.109
10.71	14.0258	1.62245	-2.01495	-0.591588	44.2051
10.72	14.0419	1.6125	-2.02076	-0.571411	44.3008
10.73	14.058	1.60254	-2.02638	-0.551174	44.3959
10.74	14.074	1.59257	-2.03179	-0.530883	44.4906
10.75	14.0899	1.58258	-2.037	-0.510538	44.5848
10.76	14.1056	1.57259	-2.042	-0.490143	44.6785
10.77	14.1213	1.56259	-2.0468	-0.4697	44.7718
10.78	14.1369	1.55259	-2.05139	-0.449208	44.8645
10.79	14.1524	1.54259	-2.05578	-0.428672	44.9568
10.8	14.1678	1.5326	-2.05997	-0.408092	45.0485
10.81	14.183	1.5226	-2.06394	-0.387474	45.1398
10.82	14.1982	1.51262	-2.06772	-0.366815	45.2306
10.83	14.2133	1.50264	-2.07128	-0.34612	45.3209
10.84	14.2283	1.49268	-2.07464	-0.325389	45.4108
10.85	14.2431	1.48273	-2.07779	-0.304629	45.5001
10.86	14.2579	1.47279	-2.08073	-0.283835	45.5889
10.87	14.2726	1.46287	-2.08346	-0.263014	45.6773
10.88	14.2872	1.45297	-2.08599	-0.242166	45.7652
10.89	14.3017	1.4431	-2.08831	-0.221296	45.8526
10.9	14.316	1.43324	-2.09042	-0.200401	45.9394
10.91	14.3303	1.42342	-2.09232	-0.179487	46.0259
10.92	14.3445	1.41362	-2.09401	-0.158555	46.1118
10.93	14.3586	1.40385	-2.09549	-0.137609	46.1972
10.94	14.3726	1.39411	-2.09676	-0.116647	46.2822
10.95	14.3865	1.3844	-2.09782	-0.0956733	46.3667
10.96	14.4003	1.37472	-2.09867	-0.0746902	46.4507
10.97	14.414	1.36509	-2.09931	-0.0537016	46.5342
10.98	14.4276	1.35549	-2.09975	-0.0327056	46.6172
10.99	14.4411	1.34592	-2.09997	-0.0117064	46.6998
11	14.4545	1.3364	-2.09998	0.00929397	46.7819
11.01	14.4678	1.32692	-2.09978	0.0302934	46.8635
11.02	14.481	1.31749	-2.09937	0.0512879	46.9446
11.03	14.4942	1.30809	-2.09876	0.0722792	47.0253
11.04	14.5072	1.29875	-2.09793	0.0932632	47.1055
11.05	14.5201	1.28945	-2.09689	0.114238	47.1852
11.06	14.533	1.2802	-2.09564	0.135199	47.2645
11.07	14.5457	1.271	-2.09419	0.156149	47.3433
11.08	14.5584	1.26184	-2.09252	0.177083	47.4216
11.09	14.571	1.25274	-2.09064	0.198	47.4994
11.1	14.5834	1.2437	-2.08856	0.218894	47.5768
11.11	14.5958	1.2347	-2.08627	0.239769	47.6538
11.12	14.6081	1.22576	-2.08377	0.26062	47.7303
11.13	14.6204	1.21688	-2.08105	0.281445	47.8063
11.14	14.6325	1.20805	-2.07814	0.302239	47.8818
11.15	14.6445	1.19928	-2.07501	0.323006	47.957
11.16	14.6565	1.19057	-2.07168	0.34374	48.0316
11.17	14.6683	1.18192	-2.06814	0.36444	48.1059
11.18	14.6801	1.17333	-2.06439	0.385101	48.1796
11.19	14.6918	1.1648	-2.06043	0.405726	48.253
11.2	14.7034	1.15633	-2.05627	0.42631	48.3259
11.21	14.7149	1.14792	-2.05191	0.446851	48.3983
11.22	14.7264	1.13957	-2.04734	0.467346	48.4704
11.23	14.7377	1.13129	-2.04256	0.487796	48.542
11.24	14.749	1.12307	-2.03758	0.508198	48.6131
11.25	14.7602	1.11492	-2.0324	0.528548	48.6839
11.26	14.7713	1.10683	-2.02701	0.548844	48.7542
11.27	14.7823	1.09881	-2.02142	0.569087	48.8241
11.28	14.7933	1.09085	-2.01563	0.589273	48.8935
11.29	14.8041	1.08296	-2.00963	0.6094	48.9626
11.3	14.8149	1.07514	-2.00344	0.629466	49.0312
11.31	14.8256	1.06738	-1.99705	0.649467	49.0995
11.32	14.8363	1.05969	-1.99045	0.669405	49.1673
11.33	14.8468	1.05207	-1.98366	0.689276	49.2347
11.34	14.8573	1.04452	-1.97667	0.709078	49.3018
11.35	14.8677	1.03704	-1.96948	0.728808	49.3684
11.36	14.8781	1.02963	-1.96209	0.748466	49.4346
11.37	14.8883	1.02228	-1.95451	0.76805	49.5004
11.38	14.8985	1.01501	-1.94673	0.787557	49.5659
11.39	14.9086	1.0078	-1.93876	0.806983	49.6309
11.4	14.9187	1.00067	-1.93059	0.82633	49.6956
11.41	14.9286	0.993606	-1.92223	0.845595	49.7599
11.42	14.9385	0.986613	-1.91368	0.864775	49.8238
11.43	14.9484	0.979692	-1.90494	0.883867	49.8873
11.44	14.9581	0.972841	-1.896	0.902872	49.9505
11.45	14.9678	0.966061	-1.88688	0.921787	50.0133
11.46	14.9774	0.959353	-1.87757	0.94061	50.0758
11.47	14.987	0.952716	-1.86807	0.959337	50.1378
11.48	14.9965	0.946151	-1.85838	0.97797	50.1996
11.49	15.0059	0.939657	-1.84851	0.996505	50.2609
11.5	15.0153	0.933235	-1.83845	1.01494	50.322
11.51	15.0246	0.926885	-1.82821	1.03327	50.3826
11.52	15.0338	0.920607	-1.81778	1.0515	50.443
11.53	15.043	0.914401	-1.80718	1.06963	50.503
11.54	15.0521	0.908266	-1.79639	1.08765	50.5626
11.55	15.0612	0.902204	-1.78543	1.10556	50.6219
11.56	15.0702	0.896214	-1.77428	1.12335	50.6809
11.57	15.0791	0.890295	-1.76296	1.14104	50.7396
11.58	15.088	0.884449	-1.75146	1.15861	50.798
11.59	15.0968	0.878675	-1.73979	1.17607	50.856
11.6	15.1055	0.872972	-1.72794	1.19341	50.9137
11.61	15.1142	0.867342	-1.71592	1.21063	50.9711
11.62	15.1229	0.861783	-1.70373	1.22773	51.0282
11.63	15.1315	0.856297	-1.69137	1.2447	51.085
11.64	15.14	0.850882	-1.67884	1.26155	51.1415
11.65	15.1485	0.845538	-1.66614	1.27828	51.1977
11.66	15.1569	0.840267	-1.65327	1.29487	51.2536
11.67	15.1653	0.835067	-1.64024	1.31134	51.3092
11.68	15.1736	0.829939	-1.62704	1.32768	51.3646
11.69	15.1819	0.824881	-1.61369	1.34388	51.4196
11.7	15.1901	0.819896	-1.60017	1.35995	51.4744
11.71	15.1983	0.814981	-1.58649	1.37589	51.5289
11.72	15.2064	0.810138	-1.57265	1.39168	51.5831
11.73	15.2145	0.805366	-1.55865	1.40734	51.6371
11.74	15.2225	0.800664	-1.5445	1.42285	51.6908
11.75	15.2305	0.796034	-1.5302	1.43823	51.7443
11.76	15.2385	0.791474	-1.51574	1.45346	51.7975
11.77	15.2463	0.786985	-1.50113	1.46854	51.8504
11.78	15.2542	0.782566	-1.48637	1.48348	51.9031
11.79	15.262	0.778218	-1.47146	1.49827	51.9556
11.8	15.2698	0.773939	-1.4564	1.51291	52.0078
11.81	15.2775	0.769731	-1.4412	1.5274	52.0598
11.82	15.2851	0.765593	-1.42586	1.54173	52.1116
11.83	15.2928	0.761525	-1.41037	1.55591	52.1631
11.84	15.3004	0.757526	-1.39474	1.56994	52.2144
11.85	15.3079	0.753597	-1.37897	1.58381	52.2655
11.86	15.3155	0.749737	-1.36306	1.59752	52.3164
11.87	15.3229	0.745946	-1.34702	1.61107	52.3671
11.88	15.3304	0.742225	-1.33084	1.62446	52.4175
11.89	15.3378	0.738573	-1.31453	1.63768	52.4678
11.9	15.3451	0.734989	-1.29809	1.65075	52.5178
11.91	15.3525	0.731474	-1.28152	1.66365	52.5677
11.92	15.3598	0.728028	-1.26482	1.67638	52.6174
11.93	15.367	0.72465	-1.24799	1.68894	52.6669
11.94	15.3743	0.721341	-1.23104	1.70134	52.7162
11.95	15.3815	0.7181	-1.21396	1.71356	52.7653
11.96	15.3886	0.714926	-1.19677	1.72562	52.8143
11.97	15.3958	0.711821	-1.17945	1.7375	52.8631
11.98	15.4029	0.708783	-1.16202	1.7492	52.9117
11.99	15.4099	0.705813	-1.14447	1.76074	52.9602
12	15.417	0.702911	-1.1268	1.77209	53.0085
12.01	15.424	0.700075	-1.10903	1.78327	53.0567
12.02	15.431	0.697307	-1.09114	1.79427	53.1047
12.03	15.4379	0.694606	-1.07314	1.80509	53.1525
12.04	15.4449	0.691972	-1.05504	1.81574	53.2002
12.05	15.4518	0.689405	-1.03683	1.8262	53.2478
12.06	15.4587	0.686904	-1.01851	1.83647	53.2953
12.07	15.4655	0.68447	-1.0001	1.84656	53.3426
12.08	15.4724	0.682103	-0.981583	1.85647	53.3898
12.09	15.4792	0.679802	-0.962969	1.8662	53.4369
12.1	15.486	0.677567	-0.944261	1.87573	53.4839
12.11	15.4927	0.675398	-0.925456	1.88508	53.5307
12.12	15.4995	0.673295	-0.906559	1.89424	53.5775
12.13	15.5062	0.671258	-0.887571	1.90321	53.6241
12.14	15.5129	0.669287	-0.868496	1.91199	53.6706
12.15	15.5196	0.667381	-0.849333	1.92058	53.7171
12.16	15.5262	0.665541	-0.830084	1.92898	53.7635
12.17	15.5329	0.663766	-0.810753	1.93718	53.8097
12.18	15.5395	0.662057	-0.791342	1.94519	53.8559
12.19	15.5461	0.660413	-0.771851	1.95301	53.902
12.2	15.5527	0.658834	-0.752282	1.96063	53.9481
12.21	15.5593	0.65732	-0.732638	1.96806	53.9941
12.22	15.5659	0.655872	-0.712922	1.97528	54.04
12.23	15.5724	0.654488	-0.693134	1.98231	54.0858
12.24	15.579	0.653169	-0.673276	1.98915	54.1316
12.25	15.5855	0.651915	-0.653351	1.99578	54.1773
12.26	15.592	0.650725	-0.633362	2.00221	54.223
12.27	15.5985	0.649601	-0.613308	2.00845	54.2687
12.28	15.605	0.64854	-0.593193	2.01448	54.3143
12.29	15.6115	0.647545	-0.573018	2.02031	54.3599
12.3	15.6179	0.646613	-0.552786	2.02594	54.4054
12.31	15.6244	0.645746	-0.532501	2.03136	54.451
12.32	15.6308	0.644944	-0.512161	2.03659	54.4965
12.33	15.6373	0.644206	-0.491769	2.04161	54.542
12.34	15.6437	0.643532	-0.471328	2.04642	54.5874
12.35	15.6502	0.642922	-0.450842	2.05103	54.6329
12.36	15.6566	0.642376	-0.430309	2.05544	54.6784
12.37	15.663	0.641895	-0.409733	2.05964	54.7238
12.38	15.6694	0.641478	-0.389116	2.06363	54.7693
12.39	15.6758	0.641125	-0.368462	2.06742	54.8148
12.4	15.6823	0.640835	-0.34777	2.071	54.8603
12.41	15.6887	0.64061	-0.327042	2.07438	54.9058
12.42	15.6951	0.640449	-0.306282	2.07754	54.9513
12.43	15.7015	0.640352	-0.285493	2.0805	54.9969
12.44	15.7079	0.640319	-0.264673	2.08325	55.0425
12.45	15.7143	0.640351	-0.243827	2.0858	55.0881
12.46	15.7207	0.640446	-0.222957	2.08813	55.1338
12.47	15.7271	0.640605	-0.202067	2.09026	55.1795
12.48	15.7335	0.640828	-0.181154	2.09217	55.2253
12.49	15.7399	0.641115	-0.160223	2.09388	55.2711
12.5	15.7463	0.641467	-0.139276	2.09538	55.317
12.51	15.7527	0.641882	-0.118317	2.09666	55.3629
12.52	15.7591	0.642362	-0.0973444	2.09774	55.4089
12.53	15.7656	0.642905	-0.076362	2.09861	55.455
12.54	15.772	0.643513	-0.055372	2.09927	55.5012
12.55	15.7784	0.644185	-0.0343764	2.09972	55.5475
12.56	15.7849	0.644922	-0.0133793	2.09996	55.5938
12.57	15.7913	0.645723	0.00762105	2.09999	55.6403
12.58	15.7978	0.646588	0.0286207	2.0998	55.6868
12.59	15.8043	0.647517	0.0496174	2.09941	55.7334
12.6	15.8108	0.648511	0.0706072	2.09881	55.7802
12.61	15.8172	0.649569	0.0915919	2.098	55.827
12.62	15.8237	0.650692	0.112567	2.09698	55.874
12.63	15.8303	0.65188	0.133532	2.09575	55.9211
12.64	15.8368	0.653132	0.154481	2.09431	55.9683
12.65	15.8433	0.654449	0.175416	2.09266	56.0157
12.66	15.8499	0.655831	0.196334	2.0908	56.0632
12.67	15.8564	0.657278	0.217233	2.08873	56.1108
12.68	15.863	0.65879	0.238107	2.08646	56.1586
12.69	15.8696	0.660367	0.25896	2.08397	56.2065
12.7	15.8762	0.662009	0.279787	2.08128	56.2546
12.71	15.8829	0.663716	0.300586	2.07838	56.3029
12.72	15.8895	0.665489	0.321353	2.07527	56.3513
12.73	15.8962	0.667327	0.342089	2.07195	56.3999
12.74	15.9029	0.669231	0.362792	2.06842	56.4487
12.75	15.9096	0.6712	0.383458	2.06469	56.4976
12.76	15.9163	0.673235	0.404084	2.06076	56.5467
12.77	15.923	0.675337	0.424672	2.05661	56.5961
12.78	15.9298	0.677504	0.445217	2.05226	56.6456
12.79	15.9366	0.679737	0.465717	2.04771	56.6953
12.8	15.9434	0.682036	0.486169	2.04295	56.7452
12.81	15.9502	0.684402	0.506574	2.03798	56.7954
12.82	15.9571	0.686834	0.526929	2.03282	56.8457
12.83	15.9639	0.689332	0.547231	2.02745	56.8963
12.84	15.9709	0.691898	0.567478	2.02187	56.9471
12.85	15.9778	0.69453	0.587667	2.0161	56.9982
12.86	15.9847	0.697229	0.607798	2.01012	57.0495
12.87	15.9917	0.699995	0.627869	2.00394	57.101
12.88	15.9987	0.702828	0.647878	1.99756	57.1528
12.89	16.0058	0.705729	0.667819	1.99098	57.2048
12.9	16.0129	0.708697	0.687696	1.98421	57.2571
12.91	16.02	0.711733	0.707503	1.97723	57.3097
12.92	16.0271	0.714836	0.72724	1.97006	57.3625
12.93	16.0343	0.718008	0.746903	1.96269	57.4157
12.94	16.0415	0.721247	0.766492	1.95512	57.4691
12.95	16.0487	0.724555	0.786005	1.94736	57.5228
12.96	16.0559	0.727931	0.80544	1.9394	57.5767
12.97	16.0632	0.731375	0.824792	1.93125	57.631
12.98	16.0706	0.734888	0.844063	1.9229	57.6856
12.99	16.0779	0.738469	0.86325	1.91437	57.7405
13	16.0853	0.74212	0.882351	1.90564	57.7957
13.01	16.0928	0.745839	0.901361	1.89672	57.8513
13.02	16.1003	0.749628	0.920284	1.88761	57.9071
13.03	16.1078	0.753486	0.939114	1.87831	57.9633
13.04	16.1153	0.757413	0.95785	1.86883	58.0199
13.05	16.1229	0.761409	0.976489	1.85916	58.0768
13.06	16.1306	0.765476	0.995032	1.8493	58.134
13.07	16.1382	0.769612	1.01348	1.83926	58.1916
13.08	16.146	0.773818	1.03182	1.82903	58.2496
13.09	16.1537	0.778094	1.05006	1.81862	58.3079
13.1	16.1615	0.782441	1.06819	1.80803	58.3666
13.11	16.1694	0.786858	1.08622	1.79726	58.4257
13.12	16.1773	0.791345	1.10413	1.78631	58.4852
13.13	16.1852	0.795903	1.12194	1.77518	58.5451
13.14	16.1932	0.800531	1.13964	1.76387	58.6054
13.15	16.2012	0.805231	1.15722	1.75238	58.666
13.16	16.2093	0.810001	1.17468	1.74072	58.7271
13.17	16.2174	0.814842	1.19203	1.72889	58.7887
13.18	16.2256	0.819755	1.20926	1.71688	58.8506
13.19	16.2338	0.824738	1.22637	1.70471	58.913
13.2	16.2421	0.829793	1.24335	1.69236	58.9758
13.21	16.2504	0.83492	1.26022	1.67984	59.0391
13.22	16.2588	0.840118	1.27695	1.66715	59.1028
13.23	16.2672	0.845387	1.29356	1.6543	59.1669
13.24	16.2757	0.850728	1.31004	1.64128	59.2316
13.25	16.2842	0.856141	1.32638	1.6281	59.2967
13.26	16.2928	0.861626	1.3426	1.61476	59.3623
13.27	16.3014	0.867182	1.35868	1.60125	59.4283
13.28	16.3101	0.872811	1.37462	1.58758	59.4949
13.29	16.3189	0.878511	1.39043	1.57376	59.5619
13.3	16.3277	0.884283	1.4061	1.55977	59.6295
13.31	16.3366	0.890128	1.42162	1.54564	59.6975
13.32	16.3455	0.896044	1.43701	1.53134	59.7661
13.33	16.3545	0.902032	1.45225	1.51689	59.8352
13.34	16.3636	0.908092	1.46735	1.5023	59.9049
13.35	16.3727	0.914225	1.48229	1.48755	59.975
13.36	16.3818	0.920429	1.4971	1.47265	60.0457
13.37	16.3911	0.926705	1.51175	1.45761	60.117
13.38	16.4004	0.933053	1.52625	1.44242	60.1888
13.39	16.4097	0.939473	1.54059	1.42708	60.2612
13.4	16.4192	0.945964	1.55479	1.41161	60.3342
13.41	16.4287	0.952527	1.56883	1.39599	60.4077
13.42	16.4382	0.959162	1.58271	1.38023	60.4818
13.43	16.4478	0.965868	1.59643	1.36433	60.5565
13.44	16.4575	0.972646	1.60999	1.3483	60.6318
13.45	16.4673	0.979495	1.6234	1.33213	60.7077
13.46	16.4771	0.986415	1.63664	1.31583	60.7842
13.47	16.487	0.993405	1.64971	1.2994	60.8613
13.48	16.497	1.00047	1.66262	1.28284	60.9391
13.49	16.507	1.0076	1.67537	1.26615	61.0175
13.5	16.5171	1.0148	1.68795	1.24933	61.0965
13.51	16.5273	1.02207	1.70036	1.23239	61.1762
13.52	16.5376	1.02941	1.71259	1.21533	61.2565
13.53	16.5479	1.03683	1.72466	1.19814	61.3375
13.54	16.5583	1.04431	1.73656	1.18083	61.4192
13.55	16.5688	1.05186	1.74828	1.16341	61.5015
13.56	16.5794	1.05947	1.75982	1.14587	61.5845
13.57	16.59	1.06716	1.7712	1.12821	61.6682
13.58	16.6007	1.07491	1.78239	1.11045	61.7525
13.59	16.6115	1.08274	1.7934	1.09257	61.8376
13.6	16.6224	1.09062	1.80424	1.07458	61.9234
13.61	16.6333	1.09858	1.81489	1.05648	62.0099
13.62	16.6443	1.1066	1.82537	1.03828	62.0971
13.63	16.6554	1.11469	1.83566	1.01998	62.185
13.64	16.6666	1.12284	1.84577	1.00157	62.2737
13.65	16.6779	1.13106	1.85569	0.983062	62.3631
13.66	16.6892	1.13934	1.86543	0.964456	62.4533
13.67	16.7007	1.14768	1.87498	0.945753	62.5442
13.68	16.7122	1.15609	1.88434	0.926957	62.6358
13.69	16.7238	1.16455	1.89352	0.908068	62.7283
13.7	16.7355	1.17308	1.9025	0.889087	62.8215
13.71	16.7473	1.18168	1.9113	0.870017	62.9154
13.72	16.7591	1.19033	1.9199	0.850862	63.0102
13.73	16.7711	1.19903	1.92832	0.831621	63.1058
13.74	16.7831	1.2078	1.93654	0.812296	63.2021
13.75	16.7952	1.21663	1.94456	0.79289	63.2993
13.76	16.8074	1.22551	1.95239	0.773406	63.3972
13.77	16.8197	1.23445	1.96003	0.753843	63.496
13.78	16.8321	1.24344	1.96747	0.734205	63.5956
13.79	16.8446	1.25248	1.97471	0.714494	63.696
13.8	16.8572	1.26158	1.98176	0.694713	63.7972
13.81	16.8698	1.27073	1.98861	0.67486	63.8993
13.82	16.8826	1.27993	1.99526	0.65494	64.0023
13.83	16.8954	1.28918	2.00171	0.634955	64.106
13.84	16.9084	1.29848	2.00796	0.614906	64.2107
13.85	16.9214	1.30783	2.014	0.594797	64.3162
13.86	16.9345	1.31722	2.01985	0.574627	64.4225
13.87	16.9477	1.32665	2.0255	0.5544	64.5297
13.88	16.9611	1.33613	2.03094	0.534117	64.6378
13.89	16.9745	1.34565	2.03618	0.513783	64.7468
13.9	16.988	1.35521	2.04122	0.493395	64.8566
13.91	17.0016	1.36481	2.04605	0.472958	64.9674
13.92	17.0153	1.37445	2.05067	0.452474	65.079
13.93	17.0291	1.38412	2.0551	0.431947	65.1915
13.94	17.0429	1.39383	2.05931	0.411374	65.305
13.95	17.0569	1.40357	2.06332	0.39076	65.4193
13.96	17.071	1.41334	2.06713	0.370107	65.5345
13.97	17.0852	1.42314	2.07073	0.349419	65.6507
13.98	17.0995	1.43296	2.07412	0.328694	65.7677
13.99	17.1139	1.44282	2.0773	0.307937	65.8857
14	17.1283	1.45269	2.08028	0.287148	66.0046
14.01	17.1429	1.46259	2.08304	0.266333	66.1244
14.02	17.1576	1.47251	2.0856	0.245489	66.2452
14.03	17.1724	1.48244	2.08795	0.224621	66.3668
14.04	17.1872	1.49239	2.09009	0.20373	66.4894
14.05	17.2022	1.50236	2.09203	0.18282	66.613
14.06	17.2173	1.51233	2.09375	0.161891	66.7374
14.07	17.2325	1.52232	2.09526	0.140945	66.8628
14.08	17.2477	1.53231	2.09657	0.119985	66.9892
14.09	17.2631	1.54231	2.09766	0.0990135	67.1165
14.1	17.2786	1.55231	2.09855	0.0780338	67.2447
14.11	17.2942	1.56231	2.09923	0.0570443	67.3738
14.12	17.3098	1.5723	2.09969	0.036049	67.5039
14.13	17.3256	1.5823	2.09995	0.0150502	67.6349
14.14	17.3415	1.59228	2.09999	-0.00594813	67.7669
14.15	17.3574	1.60226	2.09983	-0.0269479	67.8998
14.16	17.3735	1.61222	2.09945	-0.0479449	68.0336
14.17	17.3897	1.62217	2.09887	-0.0689372	68.1684
14.18	17.406	1.6321	2.09807	-0.0899206	68.3041
14.19	17.4223	1.642	2.09707	-0.110897	68.4408
14.2	17.4388	1.65189	2.09586	-0.131862	68.5784
14.21	17.4554	1.66175	2.09443	-0.152814	68.7169
14.22	17.472	1.67158	2.0928	-0.173749	68.8563
14.23	17.4888	1.68137	2.09096	-0.194669	68.9967
14.24	17.5057	1.69114	2.08891	-0.215569	69.1379
14.25	17.5226	1.70086	2.08665	-0.236447	69.2801
14.26	17.5397	1.71054	2.08418	-0.2573	69.4232
14.27	17.5568	1.72018	2.0815	-0.278129	69.5672
14.28	17.5741	1.72977	2.07861	-0.29893	69.7122
14.29	17.5914	1.73932	2.07552	-0.319701	69.858
14.3	17.6089	1.7488	2.07222	-0.340439	70.0047
14.31	17.6264	1.75823	2.06871	-0.361144	70.1523
14.32	17.644	1.76761	2.065	-0.381813	70.3008
14.33	17.6618	1.77691	2.06108	-0.402444	70.4502
14.34	17.6796	1.78616	2.05695	-0.423035	70.6004
14.35	17.6975	1.79533	2.05262	-0.443582	70.7515
14.36	17.7155	1.80443	2.04808	-0.464086	70.9035
14.37	17.7336	1.81345	2.04333	-0.484543	71.0563
14.38	17.7518	1.82239	2.03839	-0.504953	71.2099
14.39	17.77	1.83125	2.03324	-0.525309	71.3644
14.4	17.7884	1.84003	2.02788	-0.545616	71.5197
14.41	17.8068	1.84871	2.02232	-0.565867	71.6759
14.42	17.8253	1.8573	2.01656	-0.586062	71.8328
14.43	17.844	1.86579	2.0106	-0.606197	71.9906
14.44	17.8627	1.87419	2.00444	-0.626273	72.1491
14.45	17.8814	1.88248	1.99808	-0.646286	72.3084
14.46	17.9003	1.89066	1.99151	-0.666235	72.4685
14.47	17.9193	1.89874	1.98475	-0.686115	72.6293
14.48	17.9383	1.9067	1.97779	-0.705928	72.7909
14.49	17.9574	1.91454	1.97063	-0.725671	72.9532
14.5	17.9766	1.92227	1.96328	-0.745341	73.1162
14.51	17.9958	1.92987	1.95573	-0.764935	73.28
14.52	18.0152	1.93734	1.94798	-0.784454	73.4444
14.53	18.0346	1.94468	1.94004	-0.803895	73.6096
14.54	18.0541	1.95189	1.9319	-0.823255	73.7754
14.55	18.0736	1.95897	1.92358	-0.842531	73.9418
14.56	18.0933	1.9659	1.91505	-0.861725	74.109
14.57	18.1129	1.97269	1.90634	-0.880832	74.2767
14.58	18.1327	1.97933	1.89744	-0.899852	74.4451
14.59	18.1525	1.98583	1.88834	-0.91878	74.614
14.6	18.1724	1.99217	1.87906	-0.937617	74.7836
14.61	18.1924	1.99836	1.86959	-0.956361	74.9537
14.62	18.2124	2.00439	1.85993	-0.975009	75.1244
14.63	18.2325	2.01026	1.85009	-0.99356	75.2956
14.64	18.2526	2.01596	1.84006	-1.01201	75.4674
14.65	18.2728	2.0215	1.82985	-1.03036	75.6397
14.66	18.293	2.02687	1.81946	-1.04861	75.8124
14.67	18.3133	2.03206	1.80888	-1.06675	75.9857
14.68	18.3337	2.03708	1.79812	-1.08478	76.1594
14.69	18.3541	2.04193	1.78718	-1.10271	76.3335
14.7	18.3745	2.04659	1.77607	-1.12053	76.5081
14.71	18.395	2.05107	1.76477	-1.13823	76.6831
14.72	18.4155	2.05537	1.7533	-1.15582	76.8585
14.73	18.4361	2.05948	1.74166	-1.1733	77.0343
14.74	18.4567	2.06341	1.72984	-1.19065	77.2104
14.75	18.4774	2.06714	1.71785	-1.20789	77.3869
14.76	18.4981	2.07068	1.70568	-1.22501	77.5637
14.77	18.5188	2.07403	1.69335	-1.24201	77.7407
14.78	18.5395	2.07718	1.68084	-1.25888	77.9181
14.79	18.5603	2.08013	1.66817	-1.27562	78.0958
14.8	18.5811	2.08288	1.65533	-1.29224	78.2737
14.81	18.602	2.08543	1.64233	-1.30873	78.4518
14.82	18.6228	2.08778	1.62916	-1.32509	78.6302
14.83	18.6437	2.08993	1.61582	-1.34131	78.8087
14.84	18.6646	2.09187	1.60233	-1.3574	78.9875
14.85	18.6856	2.0936	1.58868	-1.37336	79.1663
14.86	18.7065	2.09513	1.57486	-1.38917	79.3454
14.87	18.7275	2.09645	1.56089	-1.40485	79.5245
14.88	18.7484	2.09757	1.54677	-1.42039	79.7038
14.89	18.7694	2.09847	1.53249	-1.43579	79.8832
14.9	18.7904	2.09917	1.51805	-1.45104	80.0626
14.91	18.8114	2.09966	1.50346	-1.46615	80.242
14.92	18.8324	2.09993	1.48873	-1.48111	80.4215
14.93	18.8534	2.1	1.47384	-1.49592	80.6011
14.94	18.8744	2.09985	1.45881	-1.51059	80.7806
14.95	18.8954	2.0995	1.44363	-1.5251	80.9601
14.96	18.9164	2.09894	1.42831	-1.53946	81.1395
14.97	18.9374	2.09817	1.41284	-1.55366	81.3189
14.98	18.9584	2.09718	1.39724	-1.56771	81.4983
14.99	18.9793	2.09599	1.38149	-1.58161	81.6775
15	19.0003	2.0946	1.3656	-1.59534	81.8566
15.01	19.0212	2.09299	1.34958	-1.60892	82.0356
15.02	19.0421	2.09118	1.33343	-1.62234	82.2145
15.03	19.063	2.08916	1.31714	-1.63559	82.3932
15.04	19.0839	2.08694	1.30072	-1.64868	82.5717
15.05	19.1048	2.08452	1.28417	-1.6616	82.75
15.06	19.1256	2.0819	1.26748	-1.67436	82.9281
15.07	19.1464	2.07907	1.25068	-1.68695	83.106
15.08	19.1672	2.07605	1.23375	-1.69937	83.2837
15.09	19.1879	2.07282	1.21669	-1.71163	83.461
15.1	19.2086	2.06941	1.19951	-1.72371	83.6382
15.11	19.2293	2.0658	1.18222	-1.73562	83.815
15.12	19.25	2.06199	1.1648	-1.74735	83.9915
15.13	19.2706	2.058	1.14727	-1.75891	84.1677
15.14	19.2911	2.05382	1.12963	-1.7703	84.3436
15.15	19.3116	2.04945	1.11187	-1.7815	84.5191
15.16	19.3321	2.04491	1.09399	-1.79253	84.6943
15.17	19.3525	2.04017	1.07601	-1.80338	84.8691
15.18	19.3729	2.03527	1.05793	-1.81405	85.0435
15.19	19.3932	2.03018	1.03974	-1.82454	85.2175
15.2	19.4135	2.02492	1.02144	-1.83485	85.3911
15.21	19.4337	2.01949	1.00304	-1.84497	85.5642
15.22	19.4539	2.01389	0.98454	-1.85491	85.7369
15.23	19.474	2.00813	0.965941	-1.86466	85.9092
15.24	19.4941	2.0022	0.947246	-1.87423	86.081
15.25	19.514	1.99611	0.928456	-1.88361	86.2523
15.26	19.534	1.98987	0.909576	-1.89279	86.4231
15.27	19.5538	1.98347	0.890602	-1.9018	86.5934
15.28	19.5736	1.97692	0.87154	-1.91061	86.7633
15.29	19.5934	1.97022	0.85239	-1.91923	86.9325
15.3	19.6131	1.96338	0.833157	-1.92765	87.1013
15.31	19.6327	1.95639	0.813838	-1.93589	87.2695
15.32	19.6522	1.94927	0.794439	-1.94393	87.4372
15.33	19.6716	1.94201	0.774959	-1.95178	87.6043
15.34	19.691	1.93462	0.755405	-1.95943	87.7708
15.35	19.7103	1.9271	0.735772	-1.96689	87.9367
15.36	19.7296	1.91945	0.716067	-1.97414	88.102
15.37	19.7487	1.91168	0.696289	-1.98121	88.2668
15.38	19.7678	1.9038	0.676442	-1.98807	88.4309
15.39	19.7868	1.8958	0.65653	-1.99474	88.5944
15.4	19.8057	1.88768	0.636549	-2.0012	88.7573
15.41	19.8245	1.87946	0.616505	-2.00747	88.9195
15.42	19.8433	1.87113	0.5964	-2.01353	89.0811
15.43	19.862	1.8627	0.576236	-2.01939	89.2421
15.44	19.8806	1.85417	0.556014	-2.02506	89.4023
15.45	19.8991	1.84554	0.535735	-2.03051	89.562
15.46	19.9175	1.83682	0.515403	-2.03577	89.7209
15.47	19.9358	1.82802	0.495021	-2.04082	89.8792
15.48	19.954	1.81913	0.474588	-2.04567	90.0368
15.49	19.9722	1.81016	0.454108	-2.05031	90.1937
15.5	19.9902	1.8011	0.433582	-2.05475	90.3499
15.51	20.0082	1.79198	0.413014	-2.05898	90.5054
15.52	20.0261	1.78278	0.392404	-2.06301	90.6602
15.53	20.0438	1.77351	0.371754	-2.06683	90.8143
15.54	20.0615	1.76418	0.351067	-2.07045	90.9677
15.55	20.0791	1.75479	0.330347	-2.07385	91.1204
15.56	20.0966	1.74534	0.309591	-2.07705	91.2723
15.57	20.114	1.73583	0.288805	-2.08005	91.4235
15.58	20.1313	1.72627	0.26799	-2.08283	91.574
15.59	20.1486	1.71666	0.24715	-2.08541	91.7237
15.6	20.1657	1.707	0.226284	-2.08777	91.8727
15.61	20.1827	1.69731	0.205395	-2.08993	92.021
15.62	20.1996	1.68757	0.184485	-2.09188	92.1684
15.63	20.2165	1.67779	0.163557	-2.09362	92.3152
15.64	20.2332	1.66798	0.142614	-2.09515	92.4612
15.65	20.2498	1.65814	0.121656	-2.09647	92.6064
15.66	20.2663	1.64827	0.100685	-2.09758	92.7509
15.67	20.2828	1.63838	0.0797036	-2.09849	92.8947
15.68	20.2991	1.62846	0.0587166	-2.09918	93.0376
15.69	20.3153	1.61853	0.0377217	-2.09966	93.1798
15.7	20.3315	1.60857	0.0167231	-2.09993	93.3213
15.71	20.3475	1.59861	-0.00427721	-2.1	93.462
15.72	20.3635	1.58863	-0.0252751	-2.09985	93.6019
15.73	20.3793	1.57864	-0.0462724	-2.09949	93.741
15.74	20.395	1.56865	-0.0672651	-2.09892	93.8793
15.75	20.4107	1.55865	-0.0882511	-2.09814	94.0169
15.76	20.4262	1.54865	-0.109226	-2.09716	94.1538
15.77	20.4416	1.53865	-0.130193	-2.09596	94.2898
15.78	20.457	1.52865	-0.151146	-2.09455	94.4251
15.79	20.4722	1.51866	-0.172084	-2.09294	94.5596
15.8	20.4873	1.50868	-0.193003	-2.09111	94.6933
15.81	20.5024	1.49871	-0.213904	-2.08908	94.8263
15.82	20.5173	1.48875	-0.234785	-2.08683	94.9585
15.83	20.5322	1.4788	-0.255641	-2.08438	95.0899
15.84	20.5469	1.46887	-0.276471	-2.08172	95.2206
15.85	20.5615	1.45896	-0.297274	-2.07885	95.3504
15.86	20.5761	1.44907	-0.318048	-2.07578	95.4796
15.87	20.5905	1.43921	-0.33879	-2.07249	95.6079
15.88	20.6049	1.42936	-0.359498	-2.069	95.7355
15.89	20.6191	1.41955	-0.380168	-2.0653	95.8623
15.9	20.6333	1.40976	-0.400802	-2.0614	95.9883
15.91	20.6473	1.4	-0.421396	-2.05729	96.1136
15.92	20.6613	1.39027	-0.441948	-2.05297	96.2382
15.93	20.6751	1.38058	-0.462454	-2.04845	96.3619
15.94	20.6889	1.37092	-0.482915	-2.04372	96.485
15.95	20.7025	1.36129	-0.503329	-2.03879	96.6072
15.96	20.7161	1.35171	-0.523691	-2.03365	96.7287
15.97	20.7296	1.34216	-0.544	-2.02832	96.8495
15.98	20.7429	1.33266	-0.564256	-2.02277	96.9695
15.99	20.7562	1.32319	-0.584456	-2.01703	97.0887
16	20.7694	1.31378	-0.604597	-2.01108	97.2073
16.01	20.7825	1.3044	-0.624678	-2.00494	97.325
16.02	20.7955	1.29507	-0.644696	-1.99859	97.4421
16.03	20.8084	1.28579	-0.664646	-1.99205	97.5584
16.04	20.8212	1.27656	-0.684533	-1.9853	97.674
16.05	20.8339	1.26738	-0.704352	-1.97835	97.7888
16.06	20.8466	1.25825	-0.724101	-1.97121	97.9029
16.07	20.8591	1.24917	-0.743777	-1.96387	98.0163
16.08	20.8715	1.24014	-0.763378	-1.95634	98.129
16.09	20.8839	1.23117	-0.782904	-1.94861	98.241
16.1	20.8962	1.22225	-0.802351	-1.94068	98.3522
16.11	20.9083	1.21339	-0.821714	-1.93256	98.4628
16.12	20.9204	1.20459	-0.840998	-1.92425	98.5726
16.13	20.9324	1.19584	-0.860199	-1.91574	98.6818
16.14	20.9443	1.18715	-0.879313	-1.90704	98.7903
16.15	20.9562	1.17852	-0.89834	-1.89815	98.898
16.16	20.9679	1.16996	-0.917277	-1.88907	99.0051
16.17	20.9796	1.16145	-0.936122	-1.87981	99.1115
16.18	20.9911	1.153	-0.954873	-1.87035	99.2171
16.19	21.0026	1.14462	-0.973529	-1.86071	99.3222
16.2	21.014	1.1363	-0.992084	-1.85088	99.4265
16.21	21.0254	1.12804	-1.01054	-1.84087	99.5302
16.22	21.0366	1.11985	-1.0289	-1.83067	99.6332
16.23	21.0478	1.11172	-1.04716	-1.82029	99.7356
16.24	21.0588	1.10366	-1.06531	-1.80973	99.8373
16.25	21.0698	1.09566	-1.08335	-1.79899	99.9384
16.26	21.0807	1.08773	-1.10129	-1.78806	100.039
16.27	21.0916	1.07987	-1.11911	-1.77696	100.139
16.28	21.1023	1.07207	-1.13682	-1.76568	100.238
16.29	21.113	1.06434	-1.15442	-1.75423	100.336
16.3	21.1236	1.05668	-1.17191	-1.74259	100.434
16.31	21.1342	1.04909	-1.18928	-1.73079	100.531
16.32	21.1446	1.04156	-1.20652	-1.71881	100.628
16.33	21.155	1.03411	-1.22365	-1.70666	100.724
16.34	21.1653	1.02672	-1.24066	-1.69433	100.819
16.35	21.1755	1.0194	-1.25754	-1.68184	100.914
16.36	21.1857	1.01216	-1.27429	-1.66919	101.009
16.37	21.1958	1.00498	-1.29092	-1.65636	101.102
16.38	21.2058	0.997874	-1.30742	-1.64337	101.195
16.39	21.2157	0.990839	-1.32379	-1.63021	101.288
16.4	21.2256	0.983874	-1.34002	-1.61689	101.38
16.41	21.2354	0.97698	-1.35613	-1.60341	101.471
16.42	21.2451	0.970157	-1.37209	-1.58977	101.562
16.43	21.2548	0.963406	-1.38792	-1.57597	101.652
16.44	21.2644	0.956726	-1.40361	-1.56201	101.742
16.45	21.2739	0.950117	-1.41916	-1.5479	101.831
16.46	21.2834	0.94358	-1.43457	-1.53363	101.919
16.47	21.2928	0.937115	-1.44983	-1.51921	102.007
16.48	21.3021	0.930721	-1.46495	-1.50463	102.095
16.49	21.3114	0.924399	-1.47992	-1.48991	102.182
16.5	21.3206	0.918149	-1.49475	-1.47503	102.268
16.51	21.3298	0.911972	-1.50942	-1.46001	102.354
16.52	21.3389	0.905866	-1.52395	-1.44485	102.44
16.53	21.3479	0.899832	-1.53832	-1.42954	102.524
16.54	21.3569	0.89387	-1.55254	-1.41408	102.609
16.55	21.3658	0.88798	-1.5666	-1.39849	102.693
16.56	21.3746	0.882162	-1.58051	-1.38275	102.776
16.57	21.3834	0.876416	-1.59426	-1.36687	102.859
16.58	21.3922	0.870742	-1.60785	-1.35086	102.942
16.59	21.4008	0.86514	-1.62127	-1.33472	103.024
16.6	21.4095	0.859609	-1.63454	-1.31844	103.105
16.61	21.418	0.854151	-1.64764	-1.30203	103.186
16.62	21.4265	0.848764	-1.66058	-1.28549	103.267
16.63	21.435	0.843449	-1.67335	-1.26882	103.347
16.64	21.4434	0.838206	-1.68595	-1.25202	103.427
16.65	21.4518	0.833034	-1.69839	-1.2351	103.506
16.66	21.4601	0.827934	-1.71066	-1.21805	103.585
16.67	21.4683	0.822905	-1.72275	-1.20089	103.664
16.68	21.4765	0.817947	-1.73467	-1.1836	103.742
16.69	21.4847	0.813061	-1.74642	-1.16619	103.819
16.7	21.4928	0.808246	-1.758	-1.14867	103.896
16.71	21.5009	0.803501	-1.7694	-1.13103	103.973
16.72	21.5089	0.798828	-1.78062	-1.11328	104.05
16.73	21.5168	0.794225	-1.79166	-1.09542	104.126
16.74	21.5247	0.789693	-1.80253	-1.07745	104.201
16.75	21.5326	0.785232	-1.81321	-1.05937	104.277
16.76	21.5405	0.78084	-1.82371	-1.04119	104.352
16.77	21.5482	0.77652	-1.83403	-1.0229	104.426
16.78	21.556	0.772269	-1.84417	-1.00451	104.5
16.79	21.5637	0.768088	-1.85412	-0.986017	104.574
16.8	21.5713	0.763978	-1.86389	-0.967426	104.648
16.81	21.579	0.759937	-1.87347	-0.948739	104.721
16.82	21.5865	0.755965	-1.88286	-0.929957	104.794
16.83	21.5941	0.752064	-1.89207	-0.911081	104.866
16.84	21.6016	0.748231	-1.90109	-0.892115	104.938
16.85	21.609	0.744468	-1.90991	-0.87306	105.01
16.86	21.6165	0.740774	-1.91855	-0.85392	105.082
16.87	21.6239	0.737148	-1.92699	-0.834692	105.153
16.88	21.6312	0.733592	-1.93524	-0.81538	105.224
16.89	21.6385	0.730104	-1.9433	-0.795987	105.295
16.9	21.6458	0.726685	-1.95116	-0.776514	105.365
16.91	21.6531	0.723334	-1.95883	-0.756963	105.435
16.92	21.6603	0.720051	-1.9663	-0.737337	105.505
16.93	21.6675	0.716837	-1.97357	-0.717637	105.574
16.94	21.6746	0.71369	-1.98065	-0.697866	105.644
16.95	21.6817	0.710611	-1.98753	-0.678028	105.713
16.96	21.6888	0.7076	-1.99421	-0.658118	105.781
16.97	21.6959	0.704657	-2.00069	-0.638143	105.85
16.98	21.7029	0.701781	-2.00697	-0.618104	105.918
16.99	21.7099	0.698972	-2.01306	-0.598004	105.986
17	21.7169	0.69623	-2.01893	-0.577843	106.054
17.01	21.7239	0.693556	-2.02461	-0.557625	106.122
17.02	21.7308	0.690948	-2.03009	-0.53735	106.189
17.03	21.7377	0.688407	-2.03536	-0.517026	106.256
17.04	21.7445	0.685932	-2.04043	-0.496647	106.323
17.05	21.7514	0.683525	-2.04529	-0.476218	106.39
17.06	21.7582	0.681183	-2.04995	-0.455741	106.457
17.07	21.765	0.678908	-2.05441	-0.435218	106.523
17.08	21.7718	0.676699	-2.05866	-0.414652	106.589
17.09	21.7786	0.674556	-2.0627	-0.394045	106.655
17.1	21.7853	0.672479	-2.06654	-0.373398	106.721
17.11	21.792	0.670468	-2.07017	-0.352718	106.787
17.12	21.7987	0.668522	-2.07359	-0.331999	106.853
17.13	21.8054	0.666642	-2.07681	-0.311246	106.918
17.14	21.812	0.664828	-2.07982	-0.290462	106.983
17.15	21.8187	0.663079	-2.08262	-0.269649	107.049
17.16	21.8253	0.661396	-2.08521	-0.24881	107.114
17.17	21.8319	0.659777	-2.08759	-0.227945	107.178
17.18	21.8385	0.658224	-2.08977	-0.207058	107.243
17.19	21.8451	0.656736	-2.09173	-0.186149	107.308
17.2	21.8516	0.655312	-2.09349	-0.165227	107.373
17.21	21.8582	0.653954	-2.09504	-0.144283	107.437
17.22	21.8647	0.652661	-2.09638	-0.123326	107.501
17.23	21.8712	0.651432	-2.0975	-0.102356	107.566
17.24	21.8777	0.650268	-2.09842	-0.0813752	107.63
17.25	21.8842	0.649168	-2.09913	-0.0603868	107.694
17.26	21.8907	0.648133	-2.09963	-0.0393924	107.758
17.27	21.8972	0.647163	-2.09992	-0.018394	107.822
17.28	21.9037	0.646257	-2.1	0.00260229	107.886
17.29	21.9101	0.645415	-2.09987	0.0236023	107.95
17.3	21.9166	0.644638	-2.09953	0.0445999	108.014
17.31	21.923	0.643925	-2.09898	0.0655931	108.078
17.32	21.9294	0.643276	-2.09821	0.0865797	108.142
17.33	21.9359	0.642692	-2.09724	0.107558	108.205
17.34	21.9423	0.642171	-2.09606	0.128525	108.269
17.35	21.9487	0.641715	-2.09467	0.149479	108.333
17.36	21.9551	0.641323	-2.09307	0.170415	108.397
17.37	21.9615	0.640995	-2.09127	0.191337	108.46
17.38	21.968	0.640731	-2.08925	0.21224	108.524
17.39	21.9744	0.640531	-2.08702	0.233122	108.588
17.4	21.9808	0.640395	-2.08458	0.253981	108.652
17.41	21.9872	0.640323	-2.08194	0.274814	108.716
17.42	21.9936	0.640315	-2.07909	0.29562	108.779
17.43	22	0.640372	-2.07603	0.316396	108.843
17.44	22.0064	0.640492	-2.07276	0.337141	108.907
17.45	22.0128	0.640676	-2.06929	0.357848	108.971
17.46	22.0192	0.640924	-2.0656	0.378523	109.035
17.47	22.0256	0.641237	-2.06172	0.39916	109.099
17.48	22.032	0.641613	-2.05762	0.419757	109.164
17.49	22.0384	0.642054	-2.05332	0.440313	109.228
17.5	22.0449	0.642559	-2.04881	0.460824	109.292
17.51	22.0513	0.643128	-2.0441	0.481289	109.357
17.52	22.0577	0.643761	-2.03919	0.501706	109.421
17.53	22.0642	0.644458	-2.03407	0.522069	109.486
17.54	22.0706	0.64522	-2.02875	0.542384	109.551
17.55	22.0771	0.646046	-2.02322	0.562644	109.615
17.56	22.0835	0.646936	-2.0175	0.582849	109.68
17.57	22.09	0.647891	-2.01157	0.602995	109.746
17.58	22.0965	0.64891	-2.00544	0.62308	109.811
17.59	22.103	0.649993	-1.9991	0.643104	109.876
17.6	22.1095	0.651142	-1.99257	0.663063	109.942
17.61	22.116	0.652355	-1.98584	0.682952	110.008
17.62	22.1225	0.653632	-1.97892	0.702776	110.073
17.63	22.1291	0.654975	-1.97179	0.72253	110.139
17.64	22.1356	0.656382	-1.96446	0.742212	110.206
17.65	22.1422	0.657855	-1.95694	0.76182	110.272
17.66	22.1488	0.659392	-1.94923	0.781351	110.339
17.67	22.1554	0.660994	-1.94132	0.800804	110.406
17.68	22.162	0.662662	-1.93321	0.820178	110.473
17.69	22.1686	0.664395	-1.92491	0.839469	110.54
17.7	22.1753	0.666193	-1.91642	0.858672	110.607
17.71	22.182	0.668057	-1.90774	0.877794	110.675
17.72	22.1887	0.669987	-1.89887	0.896828	110.743
17.73	22.1954	0.671982	-1.8898	0.915772	110.811
17.74	22.2021	0.674043	-1.88055	0.934624	110.879
17.75	22.2089	0.67617	-1.87111	0.953383	110.948
17.76	22.2156	0.678363	-1.86148	0.972046	111.017
17.77	22.2224	0.680622	-1.85167	0.990613	111.086
17.78	22.2292	0.682947	-1.84167	1.00908	111.155
17.79	22.2361	0.685339	-1.83149	1.02744	111.225
17.8	22.2429	0.687797	-1.82113	1.04571	111.295
17.81	22.2498	0.690322	-1.81058	1.06387	111.365
17.82	22.2568	0.692913	-1.79985	1.08192	111.436
17.83	22.2637	0.695571	-1.78894	1.09986	111.507
17.84	22.2707	0.698297	-1.77785	1.1177	111.578
17.85	22.2777	0.701089	-1.76658	1.13542	111.65
17.86	22.2847	0.703949	-1.75514	1.15303	111.722
17.87	22.2917	0.706876	-1.74353	1.17052	111.794
17.88	22.2988	0.709871	-1.73173	1.1879	111.867
17.89	22.3059	0.712933	-1.71977	1.20515	111.939
17.9	22.3131	0.716063	-1.70763	1.22229	112.013
17.91	22.3203	0.719261	-1.69532	1.23931	112.086
17.92	22.3275	0.722527	-1.68284	1.2562	112.161
17.93	22.3347	0.725861	-1.6702	1.27296	112.235
17.94	22.342	0.729264	-1.65738	1.2896	112.31
17.95	22.3493	0.732735	-1.64441	1.30611	112.385
17.96	22.3566	0.736275	-1.63126	1.32249	112.461
17.97	22.364	0.739883	-1.61796	1.33873	112.537
17.98	22.3714	0.743561	-1.60449	1.35485	112.613
17.99	22.3789	0.747307	-1.59086	1.37082	112.69
18	22.3864	0.751123	-1.57707	1.38666	112.767
18.01	22.3939	0.755008	-1.56313	1.40237	112.845
18.02	22.4015	0.758962	-1.54903	1.41793	112.924
18.03	22.4091	0.762986	-1.53477	1.43334	113.002
18.04	22.4167	0.76708	-1.52036	1.44862	113.081
18.05	22.4244	0.771244	-1.5058	1.46375	113.161
18.06	22.4322	0.775477	-1.49109	1.47874	113.241
18.07	22.4399	0.779781	-1.47622	1.49357	113.322
18.08	22.4478	0.784155	-1.46121	1.50826	113.403
18.09	22.4556	0.788599	-1.44606	1.5228	113.485
18.1	22.4635	0.793114	-1.43076	1.53718	113.567
18.11	22.4715	0.7977	-1.41532	1.55141	113.65
18.12	22.4795	0.802356	-1.39973	1.56549	113.733
18.13	22.4875	0.807083	-1.38401	1.57941	113.817
18.14	22.4956	0.811881	-1.36814	1.59317	113.901
18.15	22.5038	0.81675	-1.35214	1.60677	113.986
18.16	22.512	0.821691	-1.33601	1.62021	114.071
18.17	22.5202	0.826702	-1.31974	1.63349	114.157
18.18	22.5285	0.831785	-1.30334	1.6466	114.244
18.19	22.5368	0.83694	-1.28681	1.65956	114.331
18.2	22.5452	0.842165	-1.27015	1.67234	114.419
18.21	22.5537	0.847463	-1.25336	1.68496	114.507
18.22	22.5622	0.852832	-1.23645	1.69741	114.596
18.23	22.5707	0.858273	-1.21942	1.70969	114.686
18.24	22.5794	0.863786	-1.20226	1.72179	114.776
18.25	22.588	0.869371	-1.18498	1.73373	114.867
18.26	22.5967	0.875027	-1.16758	1.74549	114.959
18.27	22.6055	0.880756	-1.15007	1.75708	115.051
18.28	22.6144	0.886556	-1.13244	1.76849	115.144
18.29	22.6233	0.892429	-1.1147	1.77973	115.238
18.3	22.6322	0.898373	-1.09685	1.79079	115.332
18.31	22.6412	0.90439	-1.07889	1.80167	115.427
18.32	22.6503	0.910478	-1.06082	1.81237	115.523
18.33	22.6594	0.916639	-1.04264	1.82288	115.619
18.34	22.6686	0.922871	-1.02436	1.83322	115.716
18.35	22.6779	0.929175	-1.00597	1.84337	115.814
18.36	22.6872	0.935551	-0.987494	1.85334	115.913
18.37	22.6966	0.941999	-0.968911	1.86312	116.012
18.38	22.7061	0.948519	-0.950231	1.87271	116.112
18.39	22.7156	0.95511	-0.931456	1.88212	116.213
18.4	22.7252	0.961773	-0.912588	1.89134	116.315
18.41	22.7348	0.968507	-0.893629	1.90038	116.417
18.42	22.7445	0.975313	-0.874581	1.90922	116.52
18.43	22.7543	0.982189	-0.855445	1.91787	116.624
18.44	22.7642	0.989137	-0.836223	1.92633	116.729
18.45	22.7741	0.996155	-0.816922	1.93459	116.835
18.46	22.7841	1.00324	-0.797535	1.94266	116.941
18.47	22.7942	1.0104	-0.778068	1.95054	117.049
18.48	22.8043	1.01763	-0.758524	1.95822	117.157
18.49	22.8145	1.02493	-0.738903	1.96571	117.266
18.5	22.8248	1.0323	-0.719209	1.973	117.376
18.51	22.8352	1.03974	-0.699443	1.9801	117.487
18.52	22.8456	1.04725	-0.679607	1.98699	117.598
18.53	22.8561	1.05482	-0.659707	1.99369	117.711
18.54	22.8667	1.06247	-0.639737	2.00018	117.824
18.55	22.8774	1.07018	-0.619703	2.00648	117.939
18.56	22.8881	1.07796	-0.599607	2.01258	118.054
18.57	22.8989	1.08581	-0.579451	2.01847	118.17
18.58	22.9098	1.09373	-0.559237	2.02417	118.287
18.59	22.9208	1.10171	-0.538968	2.02966	118.405
18.6	22.9318	1.10975	-0.518644	2.03495	118.524
18.61	22.943	1.11787	-0.498272	2.04003	118.644
18.62	22.9542	1.12604	-0.477847	2.04491	118.765
18.63	22.9655	1.13428	-0.457374	2.04959	118.887
18.64	22.9769	1.14259	-0.436855	2.05406	119.01
18.65	22.9884	1.15096	-0.416292	2.05832	119.134
18.66	22.9999	1.15939	-0.395688	2.06238	119.259
18.67	23.0115	1.16788	-0.375044	2.06624	119.384
18.68	23.0233	1.17643	-0.354363	2.06989	119.511
18.69	23.0351	1.18505	-0.333646	2.07333	119.639
18.7	23.047	1.19372	-0.3129	2.07656	119.768
18.71	23.0589	1.20245	-0.292119	2.07958	119.898
18.72	23.071	1.21124	-0.271308	2.0824	120.029
18.73	23.0832	1.22009	-0.250471	2.08501	120.161
18.74	23.0954	1.229	-0.229608	2.08741	120.295
18.75	23.1078	1.23795	-0.208722	2.0896	120.429
18.76	23.1202	1.24697	-0.187816	2.09158	120.564
18.77	23.1327	1.25603	-0.16689	2.09336	120.7
18.78	23.1453	1.26515	-0.145952	2.09492	120.838
18.79	23.158	1.27432	-0.124996	2.09628	120.977
18.8	23.1708	1.28354	-0.104026	2.09742	121.116
18.81	23.1837	1.29281	-0.0830469	2.09836	121.257
18.82	23.1966	1.30213	-0.062059	2.09908	121.399
18.83	23.2097	1.31149	-0.041065	2.0996	121.542
18.84	23.2229	1.3209	-0.0200668	2.0999	121.686
18.85	23.2361	1.33035	0.000933366	2.1	121.832
18.86	23.2495	1.33985	0.0219294	2.09989	121.978
18.87	23.2629	1.34938	0.0429273	2.09956	122.126
18.88	23.2765	1.35896	0.0639209	2.09903	122.275
18.89	23.2901	1.36857	0.0849081	2.09828	122.424
18.9	23.3038	1.37822	0.105887	2.09733	122.576
18.91	23.3177	1.38791	0.126855	2.09616	122.728
18.92	23.3316	1.39763	0.14781	2.09479	122.881
18.93	23.3456	1.40738	0.168751	2.09321	123.036
18.94	23.3597	1.41716	0.189671	2.09142	123.192
18.95	23.374	1.42697	0.210576	2.08942	123.349
18.96	23.3883	1.43681	0.231459	2.08721	123.507
18.97	23.4027	1.44667	0.25232	2.08479	123.666
18.98	23.4172	1.45656	0.273155	2.08216	123.827
18.99	23.4318	1.46646	0.293963	2.07932	123.989
19	23.4465	1.47639	0.314742	2.07628	124.152
19.01	23.4614	1.48633	0.335489	2.07303	124.316
19.02	23.4763	1.49628	0.356203	2.06957	124.482
19.03	23.4913	1.50625	0.376877	2.0659	124.648
19.04	23.5064	1.51623	0.397517	2.06203	124.816
19.05	23.5216	1.52622	0.418118	2.05795	124.985
19.06	23.5369	1.53622	0.438677	2.05367	125.156
19.07	23.5523	1.54622	0.459192	2.04918	125.327
19.08	23.5678	1.55622	0.479661	2.04449	125.5
19.09	23.5835	1.56621	0.500082	2.03959	125.674
19.1	23.5992	1.57621	0.520453	2.03448	125.849
19.11	23.615	1.5862	0.540768	2.02918	126.026
19.12	23.6309	1.59618	0.561033	2.02367	126.203
19.13	23.6469	1.60615	0.581241	2.01796	126.382
19.14	23.663	1.61611	0.601392	2.01205	126.562
19.15	23.6792	1.62605	0.621482	2.00593	126.744
19.16	23.6955	1.63597	0.641511	1.99962	126.926
19.17	23.7119	1.64587	0.661475	1.9931	127.11
19.18	23.7285	1.65574	0.681373	1.98639	127.295
19.19	23.7451	1.66559	0.701199	1.97947	127.481
19.2	23.7618	1.67541	0.720959	1.97236	127.669
19.21	23.7786	1.68519	0.740647	1.96506	127.857
19.22	23.7955	1.69494	0.76026	1.95755	128.047
19.23	23.8125	1.70465	0.779798	1.94985	128.238
19.24	23.8296	1.71431	0.799258	1.94195	128.43
19.25	23.8468	1.72394	0.818637	1.93386	128.624
19.26	23.864	1.73351	0.837935	1.92558	128.818
19.27	23.8814	1.74303	0.857149	1.91711	129.014
19.28	23.8989	1.75249	0.876274	1.90844	129.211
19.29	23.9165	1.7619	0.895315	1.89958	129.409
19.3	23.9341	1.77125	0.914266	1.89053	129.608
19.31	23.9519	1.78053	0.933125	1.8813	129.808
19.32	23.9698	1.78975	0.951892	1.87187	130.01
19.33	23.9877	1.79889	0.970563	1.86226	130.212
19.34	24.0057	1.80796	0.989137	1.85246	130.416
19.35	24.0239	1.81695	1.00761	1.84248	130.621
19.36	24.0421	1.82586	1.02598	1.83231	130.827
19.37	24.0604	1.83469	1.04426	1.82196	131.033
19.38	24.0788	1.84343	1.06242	1.81142	131.242
19.39	24.0972	1.85208	1.08048	1.80071	131.451
19.4	24.1158	1.86063	1.09844	1.78981	131.661
19.41	24.1345	1.86909	1.11628	1.77874	131.872
19.42	24.1532	1.87744	1.13401	1.76749	132.084
19.43	24.172	1.88569	1.15163	1.75606	132.297
19.44	24.1909	1.89383	1.16913	1.74446	132.512
19.45	24.2099	1.90186	1.18652	1.73268	132.727
19.46	24.2289	1.90978	1.20378	1.72073	132.943
19.47	24.2481	1.91757	1.22093	1.7086	133.16
19.48	24.2673	1.92525	1.23796	1.69631	133.378
19.49	24.2866	1.9328	1.25486	1.68384	133.597
19.5	24.3059	1.94022	1.27163	1.67121	133.817
19.51	24.3254	1.94752	1.28828	1.65841	134.038
19.52	24.3449	1.95467	1.3048	1.64545	134.26
19.53	24.3645	1.96169	1.32119	1.63232	134.482
19.54	24.3841	1.96857	1.33745	1.61902	134.705
19.55	24.4038	1.9753	1.35357	1.60557	134.93
19.56	24.4236	1.98189	1.36956	1.59195	135.155
19.57	24.4435	1.98832	1.38541	1.57818	135.38
19.58	24.4634	1.99461	1.40112	1.56424	135.607
19.59	24.4834	2.00073	1.41669	1.55015	135.834
19.6	24.5034	2.0067	1.43212	1.53591	136.062
19.61	24.5235	2.0125	1.44741	1.52151	136.291
19.62	24.5437	2.01814	1.46255	1.50696	136.52
19.63	24.5639	2.02362	1.47755	1.49226	136.75
19.64	24.5841	2.02892	1.4924	1.47741	136.981
19.65	24.6045	2.03404	1.5071	1.46242	137.212
19.66	24.6248	2.039	1.52165	1.44727	137.444
19.67	24.6452	2.04377	1.53604	1.43198	137.677
19.68	24.6657	2.04836	1.55029	1.41655	137.91
19.69	24.6862	2.05278	1.56437	1.40098	138.143
19.7	24.7067	2.057	1.5783	1.38527	138.377
19.71	24.7273	2.06104	1.59208	1.36941	138.612
19.72	24.748	2.06489	1.60569	1.35342	138.847
19.73	24.7686	2.06855	1.61915	1.3373	139.083
19.74	24.7893	2.07201	1.63244	1.32104	139.318
19.75	24.8101	2.07528	1.64557	1.30465	139.555
19.76	24.8308	2.07835	1.65853	1.28813	139.791
19.77	24.8516	2.08122	1.67133	1.27148	140.028
19.78	24.8725	2.0839	1.68396	1.25471	140.266
19.79	24.8933	2.08637	1.69642	1.2378	140.503
19.8	24.9142	2.08864	1.70871	1.22078	140.741
19.81	24.9351	2.09071	1.72084	1.20363	140.98
19.82	24.956	2.09257	1.73279	1.18636	141.218
19.83	24.9769	2.09422	1.74456	1.16897	141.457
19.84	24.9979	2.09567	1.75617	1.15147	141.695
19.85	25.0189	2.09691	1.76759	1.13385	141.934
19.86	25.0398	2.09794	1.77884	1.11612	142.173
19.87	25.0608	2.09877	1.78991	1.09828	142.413
19.88	25.0818	2.09938	1.80081	1.08032	142.652
19.89	25.1028	2.09979	1.81152	1.06226	142.891
19.9	25.1238	2.09998	1.82205	1.04409	143.13
19.91	25.1448	2.09996	1.8324	1.02582	143.37
19.92	25.1658	2.09974	1.84257	1.00744	143.609
19.93	25.1868	2.0993	1.85255	0.988966	143.848
19.94	25.2078	2.09866	1.86235	0.970395	144.088
19.95	25.2288	2.0978	1.87196	0.951723	144.327
19.96	25.2497	2.09674	1.88138	0.932956	144.566
19.97	25.2707	2.09547	1.89062	0.914095	144.805
19.98	25.2917	2.09399	1.89966	0.895143	145.044
