#Methode utilisée: euler_0.01_2.1
#Pas d'integration: 0.01
#Position initiale: 0
#Vitesse initiale: 2.1
0	0	2.1	0	2.1	0
0.01	0.021	2.1	0.0209996	2.0999	0.000100017
0.02	0.042	2.09979	0.0419972	2.09958	0.000199926
0.03	0.0629979	2.09937	0.0629905	2.09906	0.000299834
0.04	0.0839916	2.09874	0.0839776	2.09832	0.000399635
0.05	0.104979	2.0979	0.104956	2.09738	0.000499219
0.06	0.125958	2.09685	0.125924	2.09622	0.000598588
0.07	0.146927	2.0956	0.14688	2.09486	0.000697848
0.08	0.167883	2.09413	0.167821	2.09328	0.000796783
0.09	0.188824	2.09246	0.188745	2.0915	0.000895394
0.1	0.209748	2.09059	0.20965	2.08951	0.000993573
0.11	0.230654	2.0885	0.230534	2.08731	0.00109143
0.12	0.251539	2.08622	0.251396	2.0849	0.00118863
0.13	0.272402	2.08373	0.272232	2.08228	0.00128551
0.14	0.293239	2.08104	0.293041	2.07945	0.00138175
0.15	0.314049	2.07815	0.31382	2.07642	0.00147733
0.16	0.334831	2.07506	0.334568	2.07318	0.00157248
0.17	0.355581	2.07177	0.355283	2.06973	0.00166688
0.18	0.376299	2.06829	0.375962	2.06607	0.00176051
0.19	0.396982	2.06462	0.396604	2.06221	0.00185361
0.2	0.417628	2.06075	0.417206	2.05814	0.00194573
0.21	0.438235	2.05669	0.437766	2.05386	0.00203732
0.22	0.458802	2.05245	0.458282	2.04938	0.00212793
0.23	0.479327	2.04802	0.478753	2.0447	0.00221767
0.24	0.499807	2.04341	0.499175	2.03981	0.00230666
0.25	0.520241	2.03862	0.519548	2.03472	0.00239467
0.26	0.540627	2.03365	0.539869	2.02942	0.00248193
0.27	0.560964	2.0285	0.560136	2.02392	0.002568
0.28	0.581249	2.02318	0.580347	2.01822	0.0026531
0.29	0.601481	2.01769	0.6005	2.01231	0.002737
0.3	0.621658	2.01203	0.620592	2.00621	0.00282004
0.31	0.641778	2.00621	0.640623	1.9999	0.002902
0.32	0.66184	2.00022	0.66059	1.99339	0.00298288
0.33	0.681842	1.99407	0.68049	1.98669	0.00306257
0.34	0.701783	1.98777	0.700323	1.97978	0.00314118
0.35	0.721661	1.98132	0.720085	1.97268	0.00321871
0.36	0.741474	1.97471	0.739776	1.96538	0.00329504
0.37	0.761221	1.96796	0.759392	1.95789	0.00337019
0.38	0.7809	1.96106	0.778933	1.9502	0.00344415
0.39	0.800511	1.95402	0.798396	1.94231	0.00351692
0.4	0.820051	1.94684	0.817778	1.93423	0.0035885
0.41	0.83952	1.93953	0.83708	1.92595	0.00365889
0.42	0.858915	1.93209	0.856297	1.91749	0.00372798
0.43	0.878236	1.92452	0.875429	1.90883	0.00379588
0.44	0.897481	1.91682	0.894473	1.89998	0.00386249
0.45	0.916649	1.909	0.913428	1.89094	0.00392791
0.46	0.935739	1.90107	0.932291	1.88171	0.00399202
0.47	0.95475	1.89302	0.951061	1.87229	0.00405495
0.48	0.97368	1.88485	0.969736	1.86269	0.00411659
0.49	0.992528	1.87658	0.988314	1.8529	0.00417703
0.5	1.01129	1.86821	1.00679	1.84292	0.00423617
0.51	1.02998	1.85974	1.02517	1.83276	0.00429402
0.52	1.04857	1.85116	1.04345	1.82242	0.00435068
0.53	1.06709	1.8425	1.06162	1.81189	0.00440604
0.54	1.08551	1.83374	1.07969	1.80119	0.00446032
0.55	1.10385	1.82489	1.09764	1.7903	0.00451319
0.56	1.1221	1.81596	1.11549	1.77924	0.00456477
0.57	1.14026	1.80695	1.13323	1.76799	0.00461527
0.58	1.15833	1.79786	1.15085	1.75657	0.00466446
0.59	1.1763	1.7887	1.16836	1.74498	0.00471247
0.6	1.19419	1.77947	1.18575	1.7332	0.00475918
0.61	1.21199	1.77017	1.20302	1.72126	0.00480481
0.62	1.22969	1.76081	1.22017	1.70914	0.00484936
0.63	1.2473	1.75139	1.2372	1.69686	0.00489261
0.64	1.26481	1.7419	1.25411	1.6844	0.00493467
0.65	1.28223	1.73237	1.27089	1.67178	0.00497554
0.66	1.29955	1.72278	1.28755	1.65898	0.00501544
0.67	1.31678	1.71315	1.30407	1.64603	0.00505404
0.68	1.33391	1.70347	1.32047	1.6329	0.00509167
0.69	1.35095	1.69375	1.33673	1.61962	0.00512822
0.7	1.36788	1.68399	1.35286	1.60617	0.00516357
0.71	1.38472	1.67419	1.36885	1.59256	0.00519796
0.72	1.40147	1.66437	1.38471	1.57879	0.00523137
0.73	1.41811	1.65451	1.40043	1.56487	0.00526359
0.74	1.43465	1.64463	1.416	1.55078	0.00529484
0.75	1.4511	1.63472	1.43144	1.53655	0.00532511
0.76	1.46745	1.62479	1.44673	1.52216	0.00535431
0.77	1.4837	1.61484	1.46188	1.50761	0.00538264
0.78	1.49984	1.60488	1.47689	1.49292	0.00540999
0.79	1.51589	1.59491	1.49174	1.47808	0.00543638
0.8	1.53184	1.58492	1.50645	1.46308	0.00546179
0.81	1.54769	1.57493	1.521	1.44795	0.00548644
0.82	1.56344	1.56493	1.53541	1.43266	0.00551012
0.83	1.57909	1.55493	1.54966	1.41724	0.00553293
0.84	1.59464	1.54493	1.56375	1.40167	0.00555478
0.85	1.61009	1.53493	1.57769	1.38596	0.00557597
0.86	1.62544	1.52494	1.59147	1.37012	0.00559619
0.87	1.64069	1.51496	1.60509	1.35414	0.00561565
0.88	1.65584	1.50498	1.61855	1.33802	0.00563436
0.89	1.67089	1.49502	1.63185	1.32177	0.00565231
0.9	1.68584	1.48507	1.64499	1.30538	0.00566939
0.91	1.70069	1.47513	1.65796	1.28887	0.00568582
0.92	1.71544	1.46522	1.67076	1.27222	0.00570139
0.93	1.73009	1.45532	1.6834	1.25545	0.00571632
0.94	1.74464	1.44545	1.69587	1.23855	0.00573059
0.95	1.7591	1.4356	1.70817	1.22153	0.00574421
0.96	1.77345	1.42578	1.7203	1.20439	0.00575708
0.97	1.78771	1.41598	1.73226	1.18713	0.00576941
0.98	1.80187	1.40622	1.74404	1.16975	0.00578108
0.99	1.81593	1.39648	1.75565	1.15225	0.00579211
1	1.8299	1.38678	1.76709	1.13463	0.00580249
1.01	1.84377	1.37711	1.77835	1.11691	0.00581233
1.02	1.85754	1.36749	1.78943	1.09907	0.00582163
1.03	1.87121	1.35789	1.80033	1.08112	0.00583028
1.04	1.88479	1.34834	1.81105	1.06306	0.00583839
1.05	1.89828	1.33883	1.82159	1.0449	0.00584596
1.06	1.91166	1.32936	1.83195	1.02663	0.0058531
1.07	1.92496	1.31994	1.84212	1.00826	0.00585969
1.08	1.93816	1.31056	1.85211	0.98979	0.00586564
1.09	1.95126	1.30122	1.86192	0.971219	0.00587137
1.1	1.96427	1.29194	1.87154	0.952552	0.00587645
1.11	1.97719	1.2827	1.88097	0.933789	0.0058811
1.12	1.99002	1.27352	1.89021	0.914933	0.00588532
1.13	2.00276	1.26438	1.89927	0.895986	0.0058891
1.14	2.0154	1.2553	1.90813	0.876948	0.00589245
1.15	2.02795	1.24627	1.9168	0.857824	0.00589537
1.16	2.04042	1.2373	1.92529	0.838613	0.00589808
1.17	2.05279	1.22838	1.93358	0.819319	0.00590024
1.18	2.06507	1.21952	1.94167	0.799942	0.00590197
1.19	2.07727	1.21072	1.94957	0.780486	0.00590348
1.2	2.08938	1.20198	1.95728	0.760951	0.00590456
1.21	2.10139	1.19329	1.96479	0.741341	0.00590543
1.22	2.11333	1.18467	1.97211	0.721656	0.00590575
1.23	2.12517	1.1761	1.97923	0.701899	0.00590586
1.24	2.13694	1.1676	1.98615	0.682072	0.00590565
1.25	2.14861	1.15916	1.99287	0.662177	0.0059051
1.26	2.1602	1.15078	1.99939	0.642215	0.00590435
1.27	2.17171	1.14247	2.00571	0.62219	0.00590316
1.28	2.18314	1.13422	2.01183	0.602102	0.00590186
1.29	2.19448	1.12604	2.01775	0.581954	0.00590013
1.3	2.20574	1.11792	2.02347	0.561748	0.00589829
1.31	2.21692	1.10987	2.02899	0.541485	0.00589613
1.32	2.22802	1.10189	2.0343	0.521169	0.00589364
1.33	2.23903	1.09397	2.03941	0.5008	0.00589083
1.34	2.24997	1.08612	2.04432	0.480381	0.00588802
1.35	2.26084	1.07834	2.04902	0.459914	0.00588478
1.36	2.27162	1.07063	2.05352	0.439401	0.00588142
1.37	2.28233	1.06298	2.05781	0.418844	0.00587786
1.38	2.29296	1.05541	2.06189	0.398246	0.00587407
1.39	2.30351	1.04791	2.06577	0.377607	0.00587007
1.4	2.31399	1.04047	2.06944	0.356931	0.00586585
1.41	2.32439	1.03311	2.07291	0.336219	0.00586142
1.42	2.33472	1.02582	2.07617	0.315474	0.00585699
1.43	2.34498	1.0186	2.07922	0.294696	0.00585223
1.44	2.35517	1.01145	2.08206	0.27389	0.00584737
1.45	2.36528	1.00437	2.0847	0.253056	0.00584217
1.46	2.37533	0.997362	2.08712	0.232197	0.00583699
1.47	2.3853	0.990427	2.08934	0.211314	0.00583158
1.48	2.3952	0.983565	2.09135	0.19041	0.00582596
1.49	2.40504	0.976775	2.09315	0.169488	0.00582033
1.5	2.41481	0.970058	2.09474	0.148548	0.00581449
1.51	2.42451	0.963413	2.09612	0.127594	0.00580844
1.52	2.43414	0.956841	2.09729	0.106626	0.00580238
1.53	2.44371	0.950342	2.09825	0.0856486	0.00579611
1.54	2.45321	0.943916	2.099	0.0646621	0.00578973
1.55	2.46265	0.937563	2.09955	0.0436692	0.00578325
1.56	2.47203	0.931284	2.09988	0.022672	0.00577665
1.57	2.48134	0.925077	2.1	0.00167243	0.00576995
1.58	2.49059	0.918944	2.09991	-0.0193273	0.00576313
1.59	2.49978	0.912884	2.09961	-0.0403251	0.00575621
1.6	2.50891	0.906898	2.0991	-0.0613188	0.00574908
1.61	2.51798	0.900985	2.09839	-0.0823067	0.00574194
1.62	2.52699	0.895145	2.09746	-0.103286	0.0057347
1.63	2.53594	0.889379	2.09632	-0.124255	0.00572735
1.64	2.54483	0.883686	2.09497	-0.145212	0.00571988
1.65	2.55367	0.878066	2.09342	-0.166154	0.00571242
1.66	2.56245	0.87252	2.09165	-0.187079	0.00570485
1.67	2.57118	0.867047	2.08967	-0.207986	0.00569707
1.68	2.57985	0.861647	2.08749	-0.228872	0.00568939
1.69	2.58846	0.85632	2.0851	-0.249735	0.0056815
1.7	2.59703	0.851067	2.0825	-0.270573	0.00567361
1.71	2.60554	0.845886	2.07969	-0.291384	0.0056656
1.72	2.614	0.840779	2.07667	-0.312166	0.0056576
1.73	2.62241	0.835744	2.07344	-0.332917	0.00564949
1.74	2.63076	0.830783	2.07001	-0.353635	0.00564128
1.75	2.63907	0.825894	2.06637	-0.374317	0.00563306
1.76	2.64733	0.821077	2.06252	-0.394961	0.00562473
1.77	2.65554	0.816333	2.05847	-0.415566	0.0056163
1.78	2.6637	0.811662	2.05421	-0.43613	0.00560797
1.79	2.67182	0.807063	2.04975	-0.45665	0.00559954
1.8	2.67989	0.802536	2.04508	-0.477124	0.005591
1.81	2.68792	0.798081	2.04021	-0.497551	0.00558246
1.82	2.6959	0.793699	2.03513	-0.517928	0.00557381
1.83	2.70383	0.789388	2.02985	-0.538253	0.00556505
1.84	2.71173	0.785149	2.02436	-0.558524	0.00555629
1.85	2.71958	0.780981	2.01868	-0.578739	0.00554753
1.86	2.72739	0.776885	2.01279	-0.598897	0.00553866
1.87	2.73516	0.772861	2.0067	-0.618995	0.00552991
1.88	2.74289	0.768907	2.00041	-0.63903	0.00552093
1.89	2.75058	0.765025	1.99392	-0.659002	0.00551196
1.9	2.75823	0.761214	1.98723	-0.678908	0.00550298
1.91	2.76584	0.757473	1.98034	-0.698746	0.0054939
1.92	2.77341	0.753803	1.97326	-0.718514	0.00548482
1.93	2.78095	0.750204	1.96597	-0.73821	0.00547584
1.94	2.78845	0.746675	1.95849	-0.757833	0.00546665
1.95	2.79592	0.743217	1.95082	-0.77738	0.00545757
1.96	2.80335	0.739829	1.94294	-0.796849	0.00544838
1.97	2.81075	0.736511	1.93488	-0.816238	0.00543908
1.98	2.81812	0.733262	1.92662	-0.835545	0.00542989
1.99	2.82545	0.730083	1.91817	-0.85477	0.00542059
2	2.83275	0.726974	1.90952	-0.873908	0.00541129
2.01	2.84002	0.723935	1.90069	-0.89296	0.00540199
2.02	2.84726	0.720965	1.89167	-0.911921	0.00539259
2.03	2.85447	0.718064	1.88245	-0.930792	0.00538318
2.04	2.86165	0.715232	1.87305	-0.94957	0.00537377
2.05	2.8688	0.712469	1.86346	-0.968253	0.00536447
2.06	2.87593	0.709774	1.85369	-0.986838	0.00535496
2.07	2.88302	0.707149	1.84372	-1.00533	0.00534544
2.08	2.89009	0.704592	1.83358	-1.02371	0.00533604
2.09	2.89714	0.702103	1.82325	-1.042	0.00532652
2.1	2.90416	0.699683	1.81274	-1.06018	0.00531701
2.11	2.91116	0.697331	1.80205	-1.07825	0.00530738
2.12	2.91813	0.695047	1.79118	-1.09622	0.00529787
2.13	2.92508	0.692831	1.78012	-1.11407	0.00528835
2.14	2.93201	0.690683	1.76889	-1.13182	0.00527873
2.15	2.93892	0.688602	1.75749	-1.14945	0.00526911
2.16	2.9458	0.686589	1.74591	-1.16697	0.00525948
2.17	2.95267	0.684644	1.73415	-1.18437	0.00524986
2.18	2.95952	0.682766	1.72222	-1.20165	0.00524024
2.19	2.96634	0.680955	1.71012	-1.21881	0.0052305
2.2	2.97315	0.679212	1.69784	-1.23585	0.00522088
2.21	2.97994	0.677535	1.6854	-1.25277	0.00521115
2.22	2.98672	0.675926	1.67279	-1.26956	0.00520153
2.23	2.99348	0.674383	1.66001	-1.28622	0.0051918
2.24	3.00022	0.672907	1.64706	-1.30276	0.00518206
2.25	3.00695	0.671498	1.63395	-1.31916	0.00517233
2.26	3.01367	0.670156	1.62068	-1.33544	0.0051626
2.27	3.02037	0.66888	1.60725	-1.35158	0.00515287
2.28	3.02706	0.667671	1.59365	-1.36758	0.00514314
2.29	3.03373	0.666528	1.57989	-1.38345	0.00513341
2.3	3.0404	0.665452	1.56598	-1.39918	0.00512368
2.31	3.04705	0.664442	1.55191	-1.41477	0.00511384
2.32	3.0537	0.663498	1.53769	-1.43022	0.0051041
2.33	3.06033	0.66262	1.52331	-1.44552	0.00509437
2.34	3.06696	0.661808	1.50878	-1.46068	0.00508453
2.35	3.07358	0.661062	1.49409	-1.4757	0.0050748
2.36	3.08019	0.660383	1.47926	-1.49056	0.00506496
2.37	3.08679	0.659769	1.46428	-1.50528	0.00505523
2.38	3.09339	0.659221	1.44916	-1.51985	0.00504539
2.39	3.09998	0.65874	1.43389	-1.53426	0.00503566
2.4	3.10657	0.658324	1.41847	-1.54853	0.00502593
2.41	3.11315	0.657973	1.40292	-1.56263	0.00501609
2.42	3.11973	0.657689	1.38722	-1.57658	0.00500625
2.43	3.12631	0.65747	1.37139	-1.59038	0.00499641
2.44	3.13288	0.657318	1.35541	-1.60401	0.00498668
2.45	3.13946	0.657231	1.33931	-1.61749	0.00497695
2.46	3.14603	0.657209	1.32306	-1.6308	0.00496711
2.47	3.1526	0.657254	1.30669	-1.64395	0.00495727
2.48	3.15917	0.657364	1.29019	-1.65693	0.00494754
2.49	3.16575	0.657539	1.27355	-1.66975	0.0049377
2.5	3.17232	0.657781	1.25679	-1.6824	0.00492797
2.51	3.1789	0.658088	1.2399	-1.69489	0.00491813
2.52	3.18548	0.658461	1.22289	-1.7072	0.0049084
2.53	3.19207	0.6589	1.20576	-1.71934	0.00489856
2.54	3.19865	0.659404	1.18851	-1.73131	0.00488883
2.55	3.20525	0.659975	1.17114	-1.74311	0.00487899
2.56	3.21185	0.660611	1.15365	-1.75474	0.00486925
2.57	3.21845	0.661313	1.13604	-1.76618	0.00485952
2.58	3.22507	0.662081	1.11832	-1.77746	0.00484979
2.59	3.23169	0.662914	1.10049	-1.78855	0.00484006
2.6	3.23832	0.663814	1.08255	-1.79947	0.00483033
2.61	3.24496	0.66478	1.0645	-1.8102	0.00482049
2.62	3.2516	0.665812	1.04635	-1.82076	0.00481087
2.63	3.25826	0.66691	1.02809	-1.83113	0.00480113
2.64	3.26493	0.668074	1.00973	-1.84132	0.0047914
2.65	3.27161	0.669304	0.991264	-1.85132	0.00478167
2.66	3.2783	0.6706	0.972702	-1.86114	0.00477205
2.67	3.28501	0.671963	0.954042	-1.87078	0.00476232
2.68	3.29173	0.673393	0.935287	-1.88022	0.00475269
2.69	3.29846	0.674888	0.916438	-1.88948	0.00474307
2.7	3.30521	0.676451	0.897498	-1.89855	0.00473334
2.71	3.31198	0.678079	0.878468	-1.90743	0.00472372
2.72	3.31876	0.679775	0.85935	-1.91612	0.00471409
2.73	3.32556	0.681538	0.840146	-1.92462	0.00470447
2.74	3.33237	0.683367	0.820858	-1.93292	0.00469495
2.75	3.3392	0.685263	0.801488	-1.94103	0.00468533
2.76	3.34606	0.687226	0.782038	-1.94895	0.00467582
2.77	3.35293	0.689257	0.76251	-1.95668	0.0046663
2.78	3.35982	0.691354	0.742905	-1.9642	0.00465668
2.79	3.36674	0.693519	0.723226	-1.97153	0.00464716
2.8	3.37367	0.695752	0.703475	-1.97867	0.00463765
2.81	3.38063	0.698052	0.683654	-1.9856	0.00462824
2.82	3.38761	0.70042	0.663764	-1.99234	0.00461883
2.83	3.39461	0.702855	0.643808	-1.99888	0.00460932
2.84	3.40164	0.705358	0.623787	-2.00522	0.00459991
2.85	3.4087	0.70793	0.603704	-2.01135	0.0045905
2.86	3.41577	0.710569	0.583561	-2.01729	0.0045811
2.87	3.42288	0.713277	0.563359	-2.02302	0.0045718
2.88	3.43001	0.716052	0.543101	-2.02856	0.00456239
2.89	3.43717	0.718897	0.522789	-2.03389	0.0045532
2.9	3.44436	0.72181	0.502424	-2.03901	0.0045439
2.91	3.45158	0.724791	0.482009	-2.04393	0.0045346
2.92	3.45883	0.727842	0.461546	-2.04865	0.00452541
2.93	3.46611	0.730961	0.441037	-2.05316	0.00451611
2.94	3.47342	0.73415	0.420483	-2.05747	0.00450703
2.95	3.48076	0.737407	0.399887	-2.06157	0.00449784
2.96	3.48813	0.740734	0.379252	-2.06547	0.00448876
2.97	3.49554	0.744131	0.358579	-2.06916	0.00447968
2.98	3.50298	0.747597	0.33787	-2.07264	0.00447059
2.99	3.51046	0.751133	0.317127	-2.07592	0.00446162
3	3.51797	0.754738	0.296352	-2.07898	0.00445264
3.01	3.52552	0.758414	0.275548	-2.08184	0.00444378
3.02	3.5331	0.762159	0.254716	-2.0845	0.00443491
3.03	3.54072	0.765975	0.233859	-2.08694	0.00442604
3.04	3.54838	0.769861	0.212978	-2.08917	0.00441718
3.05	3.55608	0.773818	0.192076	-2.0912	0.00440842
3.06	3.56382	0.777845	0.171155	-2.09301	0.00439966
3.07	3.5716	0.781943	0.150216	-2.09462	0.00439101
3.08	3.57942	0.786112	0.129263	-2.09602	0.00438236
3.09	3.58728	0.790352	0.108297	-2.09721	0.00437382
3.1	3.59518	0.794662	0.0873196	-2.09818	0.00436517
3.11	3.60313	0.799044	0.0663338	-2.09895	0.00435674
3.12	3.61112	0.803497	0.0453413	-2.09951	0.0043483
3.13	3.61915	0.808022	0.0243443	-2.09986	0.00433987
3.14	3.62723	0.812618	0.00334485	-2.1	0.00433154
3.15	3.63536	0.817286	-0.0176549	-2.09993	0.00432322
3.16	3.64353	0.822025	-0.0386529	-2.09964	0.00431511
3.17	3.65175	0.826837	-0.0596471	-2.09915	0.00430689
3.18	3.66002	0.83172	-0.0806352	-2.09845	0.00429878
3.19	3.66834	0.836675	-0.101615	-2.09754	0.00429078
3.2	3.6767	0.841702	-0.122585	-2.09642	0.00428278
3.21	3.68512	0.846802	-0.143543	-2.09509	0.00427488
3.22	3.69359	0.851973	-0.164487	-2.09355	0.0042671
3.23	3.70211	0.857217	-0.185414	-2.0918	0.00425931
3.24	3.71068	0.862533	-0.206322	-2.08984	0.00425164
3.25	3.71931	0.867922	-0.22721	-2.08767	0.00424407
3.26	3.72799	0.873383	-0.248075	-2.0853	0.00423661
3.27	3.73672	0.878917	-0.268915	-2.08271	0.00422915
3.28	3.74551	0.884523	-0.289728	-2.07992	0.00422179
3.29	3.75435	0.890202	-0.310513	-2.07692	0.00421455
3.3	3.76326	0.895953	-0.331266	-2.07371	0.00420741
3.31	3.77221	0.901777	-0.351986	-2.07029	0.00420028
3.32	3.78123	0.907673	-0.372671	-2.06667	0.00419325
3.33	3.79031	0.913642	-0.393319	-2.06284	0.00418644
3.34	3.79945	0.919684	-0.413927	-2.0588	0.00417962
3.35	3.80864	0.925798	-0.434494	-2.05456	0.00417292
3.36	3.8179	0.931985	-0.455017	-2.05011	0.00416643
3.37	3.82722	0.938244	-0.475495	-2.04546	0.00416005
3.38	3.8366	0.944575	-0.495926	-2.0406	0.00415367
3.39	3.84605	0.950979	-0.516307	-2.03554	0.0041474
3.4	3.85556	0.957456	-0.536636	-2.03028	0.00414135
3.41	3.86513	0.964004	-0.556912	-2.02481	0.0041354
3.42	3.87477	0.970624	-0.577131	-2.01914	0.00412967
3.43	3.88448	0.977317	-0.597294	-2.01327	0.00412394
3.44	3.89425	0.984081	-0.617396	-2.00719	0.00411842
3.45	3.90409	0.990917	-0.637437	-2.00092	0.00411302
3.46	3.914	0.997824	-0.657414	-1.99444	0.00410783
3.47	3.92398	1.0048	-0.677325	-1.98777	0.00410275
3.48	3.93403	1.01185	-0.697169	-1.9809	0.00409788
3.49	3.94415	1.01897	-0.716943	-1.97383	0.00409312
3.5	3.95434	1.02616	-0.736645	-1.96656	0.00408847
3.51	3.9646	1.03343	-0.756273	-1.95909	0.00408415
3.52	3.97493	1.04076	-0.775826	-1.95143	0.00407993
3.53	3.98534	1.04816	-0.795301	-1.94358	0.00407582
3.54	3.99582	1.05563	-0.814697	-1.93553	0.00407204
3.55	4.00638	1.06317	-0.834011	-1.92728	0.00406847
3.56	4.01701	1.07078	-0.853242	-1.91885	0.00406512
3.57	4.02772	1.07846	-0.872387	-1.91022	0.00406198
3.58	4.0385	1.08621	-0.891446	-1.9014	0.00405896
3.59	4.04936	1.09402	-0.910415	-1.89239	0.00405614
3.6	4.0603	1.1019	-0.929293	-1.88319	0.00405366
3.61	4.07132	1.10985	-0.948078	-1.87381	0.00405128
3.62	4.08242	1.11786	-0.966768	-1.86423	0.00404922
3.63	4.0936	1.12594	-0.985362	-1.85447	0.00404749
3.64	4.10486	1.13409	-1.00386	-1.84452	0.00404587
3.65	4.1162	1.1423	-1.02225	-1.83439	0.00404457
3.66	4.12762	1.15058	-1.04054	-1.82408	0.00404349
3.67	4.13913	1.15891	-1.05873	-1.81358	0.00404295
3.68	4.15072	1.16732	-1.07682	-1.80291	0.00404252
3.69	4.16239	1.17578	-1.09479	-1.79205	0.00404252
3.7	4.17415	1.1843	-1.11266	-1.78101	0.00404263
3.71	4.18599	1.19289	-1.13041	-1.76979	0.00404317
3.72	4.19792	1.20154	-1.14805	-1.7584	0.00404393
3.73	4.20994	1.21024	-1.16558	-1.74683	0.00404511
3.74	4.22204	1.21901	-1.18299	-1.73509	0.00404663
3.75	4.23423	1.22783	-1.20028	-1.72317	0.00404858
3.76	4.24651	1.23671	-1.21745	-1.71109	0.00405095
3.77	4.25887	1.24564	-1.2345	-1.69883	0.00405355
3.78	4.27133	1.25463	-1.25143	-1.6864	0.00405658
3.79	4.28388	1.26367	-1.26823	-1.6738	0.00406004
3.8	4.29651	1.27277	-1.2849	-1.66103	0.00406393
3.81	4.30924	1.28192	-1.30145	-1.6481	0.00406825
3.82	4.32206	1.29111	-1.31786	-1.635	0.0040729
3.83	4.33497	1.30036	-1.33415	-1.62174	0.00407799
3.84	4.34798	1.30966	-1.3503	-1.60832	0.00408361
3.85	4.36107	1.319	-1.36631	-1.59474	0.00408956
3.86	4.37426	1.32839	-1.38219	-1.581	0.00409626
3.87	4.38755	1.33783	-1.39793	-1.56709	0.0041034
3.88	4.40092	1.3473	-1.41353	-1.55304	0.00411096
3.89	4.4144	1.35682	-1.42899	-1.53882	0.00411907
3.9	4.42797	1.36638	-1.44431	-1.52446	0.00412762
3.91	4.44163	1.37598	-1.45948	-1.50994	0.00413691
3.92	4.45539	1.38561	-1.47451	-1.49527	0.00414675
3.93	4.46925	1.39529	-1.48939	-1.48045	0.00415713
3.94	4.4832	1.40499	-1.50412	-1.46548	0.00416816
3.95	4.49725	1.41473	-1.51869	-1.45037	0.00417962
3.96	4.5114	1.4245	-1.53312	-1.43511	0.00419184
3.97	4.52564	1.4343	-1.5474	-1.41971	0.0042046
3.98	4.53998	1.44412	-1.56152	-1.40416	0.00421812
3.99	4.55442	1.45398	-1.57548	-1.38848	0.00423239
4	4.56896	1.46385	-1.58929	-1.37265	0.0042472
4.01	4.5836	1.47375	-1.60293	-1.35669	0.00426277
4.02	4.59834	1.48367	-1.61642	-1.34059	0.00427888
4.03	4.61318	1.4936	-1.62974	-1.32436	0.00429575
4.04	4.62811	1.50355	-1.64291	-1.308	0.00431348
4.05	4.64315	1.51352	-1.6559	-1.29151	0.00433187
4.06	4.65828	1.52349	-1.66873	-1.27488	0.00435111
4.07	4.67352	1.53348	-1.6814	-1.25813	0.00437112
4.08	4.68885	1.54347	-1.6939	-1.24125	0.00439198
4.09	4.70429	1.55347	-1.70622	-1.22425	0.00441372
4.1	4.71982	1.56347	-1.71838	-1.20713	0.0044361
4.11	4.73546	1.57347	-1.73037	-1.18989	0.00445956
4.12	4.75119	1.58346	-1.74218	-1.17252	0.00448378
4.13	4.76703	1.59346	-1.75382	-1.15504	0.00450898
4.14	4.78296	1.60344	-1.76528	-1.13745	0.00453504
4.15	4.799	1.61342	-1.77657	-1.11974	0.00456196
4.16	4.81513	1.62338	-1.78767	-1.10192	0.00458986
4.17	4.83136	1.63333	-1.7986	-1.08399	0.00461862
4.18	4.8477	1.64326	-1.80935	-1.06595	0.00464868
4.19	4.86413	1.65316	-1.81992	-1.0478	0.00467938
4.2	4.88066	1.66305	-1.83031	-1.02955	0.00471128
4.21	4.89729	1.67291	-1.84051	-1.01119	0.00474404
4.22	4.91402	1.68274	-1.85053	-0.992738	0.0047781
4.23	4.93085	1.69254	-1.86037	-0.974183	0.00481303
4.24	4.94777	1.7023	-1.87002	-0.955532	0.00484903
4.25	4.9648	1.71202	-1.87948	-0.936784	0.00488612
4.26	4.98192	1.72171	-1.88875	-0.917943	0.00492429
4.27	4.99913	1.73134	-1.89784	-0.899009	0.00496354
4.28	5.01645	1.74094	-1.90673	-0.879987	0.00500398
4.29	5.03386	1.75048	-1.91544	-0.860875	0.0050455
4.3	5.05136	1.75996	-1.92395	-0.841679	0.00508832
4.31	5.06896	1.7694	-1.93227	-0.822397	0.00513233
4.32	5.08666	1.77877	-1.9404	-0.803034	0.00517741
4.33	5.10444	1.78807	-1.94833	-0.78359	0.0052238
4.34	5.12232	1.79732	-1.95607	-0.764068	0.00527116
4.35	5.1403	1.80649	-1.96361	-0.744469	0.00531993
4.36	5.15836	1.81559	-1.97096	-0.724796	0.00536977
4.37	5.17652	1.82461	-1.97811	-0.705051	0.00542081
4.38	5.19476	1.83355	-1.98506	-0.685234	0.00547314
4.39	5.2131	1.84241	-1.99181	-0.66535	0.00552677
4.4	5.23152	1.85118	-1.99836	-0.645399	0.00558148
4.41	5.25004	1.85986	-2.00472	-0.625384	0.0056376
4.42	5.26863	1.86845	-2.01087	-0.605305	0.00569491
4.43	5.28732	1.87695	-2.01682	-0.585167	0.00575362
4.44	5.30609	1.88534	-2.02257	-0.564969	0.00581352
4.45	5.32494	1.89363	-2.02812	-0.544716	0.00587461
4.46	5.34388	1.90181	-2.03347	-0.524408	0.005937
4.47	5.3629	1.90988	-2.03861	-0.504048	0.00600058
4.48	5.38199	1.91784	-2.04355	-0.483636	0.00606556
4.49	5.40117	1.92568	-2.04828	-0.463177	0.00613163
4.5	5.42043	1.9334	-2.05281	-0.442671	0.0061991
4.51	5.43976	1.94099	-2.05714	-0.422122	0.00626776
4.52	5.45917	1.94846	-2.06126	-0.401529	0.0063375
4.53	5.47866	1.9558	-2.06517	-0.380897	0.00640865
4.54	5.49822	1.96301	-2.06887	-0.360227	0.00648099
4.55	5.51785	1.97008	-2.07237	-0.339521	0.00655451
4.56	5.53755	1.977	-2.07566	-0.31878	0.00662933
4.57	5.55732	1.98379	-2.07875	-0.298008	0.00670524
4.58	5.57715	1.99043	-2.08162	-0.277206	0.00678233
4.59	5.59706	1.99691	-2.08429	-0.256376	0.00686073
4.6	5.61703	2.00325	-2.08675	-0.23552	0.00694009
4.61	5.63706	2.00943	-2.089	-0.214641	0.00702075
4.62	5.65715	2.01545	-2.09104	-0.193741	0.0071026
4.63	5.67731	2.02131	-2.09288	-0.172821	0.00718532
4.64	5.69752	2.027	-2.0945	-0.151884	0.00726923
4.65	5.71779	2.03253	-2.09591	-0.130932	0.00735411
4.66	5.73812	2.03789	-2.09712	-0.109967	0.00744017
4.67	5.7585	2.04307	-2.09811	-0.08899	0.00752722
4.68	5.77893	2.04808	-2.0989	-0.0680053	0.00761512
4.69	5.79941	2.05292	-2.09947	-0.0470128	0.007704
4.7	5.81994	2.05757	-2.09984	-0.0260166	0.00779386
4.71	5.84051	2.06204	-2.09999	-0.00501677	0.00788468
4.72	5.86113	2.06632	-2.09994	0.0159825	0.00797637
4.73	5.88179	2.07042	-2.09967	0.0369813	0.00806861
4.74	5.9025	2.07432	-2.0992	0.0579753	0.00816181
4.75	5.92324	2.07804	-2.09851	0.0789645	0.00825566
4.76	5.94402	2.08156	-2.09762	0.0999448	0.00835027
4.77	5.96484	2.08489	-2.09652	0.120916	0.00844564
4.78	5.98569	2.08802	-2.0952	0.141874	0.00854177
4.79	6.00657	2.09095	-2.09368	0.162819	0.00863843
4.8	6.02748	2.09368	-2.09195	0.183747	0.00873574
4.81	6.04841	2.09621	-2.09	0.204658	0.00883349
4.82	6.06938	2.09853	-2.08785	0.225547	0.00893178
4.83	6.09036	2.10066	-2.08549	0.246414	0.00903071
4.84	6.11137	2.10257	-2.08292	0.267256	0.00912997
4.85	6.13239	2.10428	-2.08015	0.288072	0.00922945
4.86	6.15344	2.10579	-2.07716	0.308858	0.00932947
4.87	6.17449	2.10708	-2.07397	0.329614	0.0094297
4.88	6.19557	2.10816	-2.07057	0.350338	0.00953004
4.89	6.21665	2.10904	-2.06696	0.371025	0.0096306
4.9	6.23774	2.1097	-2.06315	0.391676	0.00973148
4.91	6.25883	2.11016	-2.05913	0.412287	0.00983247
4.92	6.27994	2.1104	-2.0549	0.432858	0.00993335
4.93	6.30104	2.11043	-2.05047	0.453385	0.0100343
4.94	6.32214	2.11026	-2.04584	0.473867	0.0101353
4.95	6.34325	2.10987	-2.041	0.494301	0.0102361
4.96	6.36435	2.10927	-2.03595	0.514686	0.0103368
4.97	6.38544	2.10845	-2.0307	0.535019	0.0104375
4.98	6.40652	2.10743	-2.02525	0.555299	0.0105381
4.99	6.4276	2.1062	-2.0196	0.575523	0.0106382
5	6.44866	2.10476	-2.01374	0.595691	0.0107381
5.01	6.46971	2.10312	-2.00768	0.615797	0.0108377
5.02	6.49074	2.10126	-2.00143	0.635844	0.0109369
5.03	6.51175	2.0992	-1.99497	0.655825	0.0110357
5.04	6.53274	2.09694	-1.98831	0.675742	0.0111341
5.05	6.55371	2.09447	-1.98145	0.695591	0.0112319
5.06	6.57466	2.09179	-1.9744	0.71537	0.0113292
5.07	6.59557	2.08892	-1.96715	0.735078	0.0114258
5.08	6.61646	2.08585	-1.9597	0.754713	0.0115221
5.09	6.63732	2.08258	-1.95205	0.774271	0.0116174
5.1	6.65815	2.07911	-1.94421	0.793753	0.0117122
5.11	6.67894	2.07545	-1.93618	0.813155	0.0118062
5.12	6.69969	2.07159	-1.92795	0.832476	0.0118995
5.13	6.72041	2.06755	-1.91953	0.851714	0.0119919
5.14	6.74108	2.06331	-1.91091	0.870866	0.0120834
5.15	6.76172	2.05889	-1.90211	0.889931	0.0121741
5.16	6.78231	2.05429	-1.89312	0.908907	0.0122639
5.17	6.80285	2.0495	-1.88393	0.927793	0.0123527
5.18	6.82334	2.04453	-1.87456	0.946585	0.0124408
5.19	6.84379	2.03939	-1.865	0.965284	0.0125277
5.2	6.86418	2.03407	-1.85525	0.983885	0.0126137
5.21	6.88452	2.02859	-1.84532	1.00239	0.0126987
5.22	6.90481	2.02293	-1.83521	1.02079	0.0127825
5.23	6.92504	2.0171	-1.82491	1.03909	0.0128653
5.24	6.94521	2.01112	-1.81443	1.05729	0.0129468
5.25	6.96532	2.00497	-1.80376	1.07538	0.0130274
5.26	6.98537	1.99867	-1.79292	1.09336	0.0131068
5.27	7.00536	1.99221	-1.7819	1.11124	0.013185
5.28	7.02528	1.9856	-1.77069	1.129	0.0132621
5.29	7.04514	1.97884	-1.75932	1.14665	0.0133379
5.3	7.06492	1.97193	-1.74776	1.16419	0.0134126
5.31	7.08464	1.96489	-1.73603	1.18161	0.013486
5.32	7.10429	1.95771	-1.72413	1.19891	0.0135583
5.33	7.12387	1.95039	-1.71205	1.21609	0.0136292
5.34	7.14337	1.94294	-1.69981	1.23315	0.013699
5.35	7.1628	1.93536	-1.68739	1.25008	0.0137673
5.36	7.18216	1.92765	-1.67481	1.26689	0.0138343
5.37	7.20143	1.91982	-1.66205	1.28358	0.0139003
5.38	7.22063	1.91188	-1.64914	1.30013	0.013965
5.39	7.23975	1.90382	-1.63605	1.31656	0.0140283
5.4	7.25879	1.89565	-1.62281	1.33286	0.0140905
5.41	7.27775	1.88737	-1.6094	1.34902	0.0141514
5.42	7.29662	1.87898	-1.59583	1.36504	0.0142108
5.43	7.31541	1.87049	-1.5821	1.38093	0.0142691
5.44	7.33411	1.86191	-1.56821	1.39668	0.0143262
5.45	7.35273	1.85323	-1.55416	1.4123	0.0143819
5.46	7.37126	1.84446	-1.53996	1.42777	0.0144363
5.47	7.38971	1.8356	-1.52561	1.44309	0.0144895
5.48	7.40807	1.82666	-1.5111	1.45828	0.0145412
5.49	7.42633	1.81764	-1.49644	1.47332	0.014592
5.5	7.44451	1.80854	-1.48163	1.48821	0.0146414
5.51	7.46259	1.79937	-1.46668	1.50295	0.0146896
5.52	7.48059	1.79012	-1.45158	1.51754	0.0147364
5.53	7.49849	1.78081	-1.43633	1.53198	0.0147823
5.54	7.5163	1.77144	-1.42094	1.54627	0.0148268
5.55	7.53401	1.762	-1.4054	1.5604	0.0148702
5.56	7.55163	1.75251	-1.38973	1.57437	0.0149125
5.57	7.56916	1.74296	-1.37392	1.58819	0.0149534
5.58	7.58659	1.73337	-1.35797	1.60185	0.0149934
5.59	7.60392	1.72372	-1.34188	1.61535	0.0150321
5.6	7.62116	1.71403	-1.32566	1.62869	0.0150697
5.61	7.6383	1.7043	-1.30931	1.64186	0.0151061
5.62	7.65534	1.69453	-1.29282	1.65487	0.0151416
5.63	7.67229	1.68473	-1.27621	1.66772	0.0151759
5.64	7.68913	1.6749	-1.25947	1.6804	0.0152089
5.65	7.70588	1.66503	-1.2426	1.69291	0.0152411
5.66	7.72253	1.65514	-1.22561	1.70525	0.0152721
5.67	7.73908	1.64523	-1.2085	1.71742	0.0153023
5.68	7.75554	1.63529	-1.19126	1.72942	0.0153313
5.69	7.77189	1.62534	-1.17391	1.74125	0.0153596
5.7	7.78814	1.61538	-1.15644	1.7529	0.0153867
5.71	7.8043	1.6054	-1.13885	1.76437	0.0154129
5.72	7.82035	1.59541	-1.12115	1.77567	0.0154382
5.73	7.8363	1.58541	-1.10334	1.7868	0.0154623
5.74	7.85216	1.57542	-1.08542	1.79774	0.0154857
5.75	7.86791	1.56542	-1.06739	1.8085	0.0155082
5.76	7.88357	1.55542	-1.04925	1.81909	0.0155299
5.77	7.89912	1.54542	-1.031	1.82949	0.0155505
5.78	7.91458	1.53543	-1.01266	1.83971	0.0155705
5.79	7.92993	1.52545	-0.994211	1.84974	0.0155896
5.8	7.94518	1.51548	-0.975665	1.85959	0.0156077
5.81	7.96034	1.50552	-0.95702	1.86925	0.0156253
5.82	7.97539	1.49558	-0.938281	1.87873	0.015642
5.83	7.99035	1.48565	-0.919446	1.88802	0.0156581
5.84	8.00521	1.47574	-0.900521	1.89712	0.0156735
5.85	8.01996	1.46586	-0.881505	1.90603	0.0156877
5.86	8.03462	1.456	-0.862401	1.91475	0.0157017
5.87	8.04918	1.44616	-0.84321	1.92328	0.0157148
5.88	8.06364	1.43635	-0.823936	1.93161	0.0157271
5.89	8.07801	1.42657	-0.804579	1.93976	0.0157388
5.9	8.09227	1.41682	-0.785141	1.9477	0.01575
5.91	8.10644	1.4071	-0.765625	1.95546	0.0157602
5.92	8.12051	1.39742	-0.746032	1.96302	0.0157702
5.93	8.13449	1.38777	-0.726366	1.97038	0.0157794
5.94	8.14837	1.37816	-0.706625	1.97754	0.0157883
5.95	8.16215	1.36859	-0.686815	1.98451	0.0157963
5.96	8.17583	1.35906	-0.666936	1.99128	0.0158041
5.97	8.18942	1.34958	-0.646991	1.99785	0.015811
5.98	8.20292	1.34013	-0.62698	2.00422	0.0158174
5.99	8.21632	1.33074	-0.606907	2.01039	0.0158231
6	8.22963	1.32138	-0.586773	2.01636	0.0158287
6.01	8.24284	1.31208	-0.56658	2.02212	0.0158337
6.02	8.25596	1.30283	-0.546331	2.02769	0.0158381
6.03	8.26899	1.29363	-0.526027	2.03305	0.0158421
6.04	8.28193	1.28447	-0.50567	2.03821	0.0158458
6.05	8.29477	1.27538	-0.485264	2.04316	0.0158491
6.06	8.30753	1.26633	-0.464808	2.04791	0.0158515
6.07	8.32019	1.25734	-0.444306	2.05246	0.0158537
6.08	8.33276	1.24841	-0.423759	2.0568	0.0158554
6.09	8.34525	1.23953	-0.403171	2.06094	0.0158571
6.1	8.35764	1.23072	-0.382541	2.06486	0.0158579
6.11	8.36995	1.22196	-0.361875	2.06859	0.0158587
6.12	8.38217	1.21326	-0.34117	2.0721	0.015859
6.13	8.3943	1.20462	-0.320433	2.07541	0.015859
6.14	8.40635	1.19605	-0.299663	2.07851	0.0158585
6.15	8.41831	1.18754	-0.278863	2.0814	0.0158576
6.16	8.43018	1.17909	-0.258036	2.08409	0.0158564
6.17	8.44197	1.1707	-0.237182	2.08656	0.0158552
6.18	8.45368	1.16238	-0.216305	2.08883	0.0158537
6.19	8.4653	1.15412	-0.195406	2.09089	0.0158516
6.2	8.47684	1.14594	-0.174488	2.09274	0.0158495
6.21	8.4883	1.13781	-0.153552	2.09438	0.015847
6.22	8.49968	1.12976	-0.132601	2.09581	0.0158443
6.23	8.51098	1.12177	-0.111636	2.09703	0.0158412
6.24	8.5222	1.11385	-0.0906614	2.09804	0.015838
6.25	8.53334	1.106	-0.0696764	2.09884	0.0158346
6.26	8.5444	1.09823	-0.0486853	2.09944	0.0158307
6.27	8.55538	1.09052	-0.0276884	2.09982	0.0158267
6.28	8.56628	1.08288	-0.00668969	2.09999	0.0158225
6.29	8.57711	1.07531	0.0143107	2.09995	0.0158181
6.3	8.58787	1.06781	0.0353086	2.0997	0.0158133
6.31	8.59854	1.06038	0.056304	2.09925	0.0158084
6.32	8.60915	1.05303	0.0772927	2.09858	0.0158033
6.33	8.61968	1.04575	0.0982748	2.0977	0.0157981
6.34	8.63014	1.03854	0.119246	2.09661	0.0157926
6.35	8.64052	1.0314	0.140206	2.09531	0.015787
6.36	8.65084	1.02434	0.161152	2.09381	0.0157811
6.37	8.66108	1.01735	0.182082	2.09209	0.0157751
6.38	8.67125	1.01043	0.202993	2.09017	0.015769
6.39	8.68136	1.00359	0.223884	2.08803	0.0157628
6.4	8.69139	0.996825	0.244753	2.08569	0.0157561
6.41	8.70136	0.990131	0.265597	2.08314	0.0157494
6.42	8.71126	0.983511	0.286416	2.08038	0.0157424
6.43	8.7211	0.976966	0.307204	2.07741	0.0157356
6.44	8.73087	0.970496	0.327963	2.07423	0.0157285
6.45	8.74057	0.964101	0.348688	2.07085	0.0157212
6.46	8.75021	0.95778	0.369379	2.06726	0.0157138
6.47	8.75979	0.951534	0.390032	2.06346	0.0157063
6.48	8.7693	0.945364	0.410648	2.05946	0.0156989
6.49	8.77876	0.939268	0.431221	2.05525	0.0156912
6.5	8.78815	0.933248	0.451752	2.05083	0.0156834
6.51	8.79748	0.927303	0.472237	2.04621	0.0156756
6.52	8.80676	0.921434	0.492676	2.04139	0.0156674
6.53	8.81597	0.91564	0.513064	2.03636	0.0156594
6.54	8.82513	0.909921	0.533402	2.03113	0.0156511
6.55	8.83423	0.904277	0.553686	2.02569	0.0156427
6.56	8.84327	0.898709	0.573915	2.02005	0.0156343
6.57	8.85226	0.893216	0.594086	2.01421	0.015626
6.58	8.86119	0.887799	0.614199	2.00817	0.0156173
6.59	8.87007	0.882456	0.634249	2.00193	0.0156086
6.6	8.87889	0.877189	0.654237	1.99549	0.0155998
6.61	8.88766	0.871998	0.674158	1.98885	0.0155911
6.62	8.89638	0.866881	0.694013	1.98201	0.0155822
6.63	8.90505	0.86184	0.713797	1.97497	0.0155733
6.64	8.91367	0.856873	0.733512	1.96773	0.0155642
6.65	8.92224	0.851982	0.753151	1.9603	0.0155551
6.66	8.93076	0.847165	0.772717	1.95267	0.015546
6.67	8.93923	0.842424	0.792205	1.94484	0.0155367
6.68	8.94765	0.837757	0.811613	1.93682	0.0155273
6.69	8.95603	0.833164	0.830941	1.92861	0.015518
6.7	8.96436	0.828647	0.850184	1.9202	0.0155086
6.71	8.97265	0.824204	0.869344	1.91161	0.015499
6.72	8.98089	0.819835	0.888416	1.90282	0.0154894
6.73	8.98909	0.81554	0.9074	1.89384	0.0154799
6.74	8.99725	0.81132	0.926292	1.88467	0.0154703
6.75	9.00536	0.807174	0.945092	1.87531	0.0154606
6.76	9.01343	0.803101	0.963798	1.86577	0.0154508
6.77	9.02146	0.799103	0.982407	1.85604	0.015441
6.78	9.02945	0.795178	1.00092	1.84612	0.0154311
6.79	9.0374	0.791327	1.01933	1.83602	0.0154212
6.8	9.04532	0.787549	1.03764	1.82573	0.0154114
6.81	9.05319	0.783845	1.05584	1.81527	0.0154014
6.82	9.06103	0.780214	1.07394	1.80462	0.0153914
6.83	9.06883	0.776657	1.09193	1.79379	0.0153813
6.84	9.0766	0.773172	1.10982	1.78278	0.0153712
6.85	9.08433	0.76976	1.12759	1.77159	0.0153611
6.86	9.09203	0.766421	1.14525	1.76023	0.015351
6.87	9.09969	0.763154	1.16279	1.74869	0.0153409
6.88	9.10733	0.759961	1.18022	1.73697	0.0153307
6.89	9.11493	0.756839	1.19753	1.72508	0.0153204
6.9	9.12249	0.75379	1.21472	1.71302	0.0153102
6.91	9.13003	0.750813	1.23179	1.70079	0.0152998
6.92	9.13754	0.747908	1.24874	1.68839	0.0152896
6.93	9.14502	0.745075	1.26556	1.67582	0.0152791
6.94	9.15247	0.742314	1.28225	1.66308	0.0152688
6.95	9.15989	0.739624	1.29882	1.65017	0.0152585
6.96	9.16729	0.737006	1.31526	1.6371	0.0152481
6.97	9.17466	0.73446	1.33156	1.62387	0.0152376
6.98	9.182	0.731984	1.34773	1.61047	0.0152271
6.99	9.18932	0.72958	1.36377	1.59691	0.0152165
7	9.19662	0.727248	1.37967	1.58319	0.015206
7.01	9.20389	0.724986	1.39543	1.56932	0.0151955
7.02	9.21114	0.722795	1.41106	1.55529	0.0151849
7.03	9.21837	0.720675	1.42654	1.5411	0.0151743
7.04	9.22558	0.718625	1.44188	1.52676	0.0151639
7.05	9.23276	0.716646	1.45707	1.51226	0.0151533
7.06	9.23993	0.714738	1.47212	1.49762	0.0151427
7.07	9.24708	0.7129	1.48703	1.48282	0.0151321
7.08	9.25421	0.711132	1.50178	1.46788	0.0151214
7.09	9.26132	0.709435	1.51638	1.45278	0.0151108
7.1	9.26841	0.707807	1.53083	1.43755	0.0151001
7.11	9.27549	0.70625	1.54513	1.42217	0.0150895
7.12	9.28255	0.704763	1.55928	1.40665	0.0150788
7.13	9.2896	0.703345	1.57327	1.39098	0.0150681
7.14	9.29663	0.701998	1.5871	1.37518	0.0150574
7.15	9.30365	0.70072	1.60077	1.35924	0.0150466
7.16	9.31066	0.699512	1.61428	1.34317	0.0150359
7.17	9.31766	0.698373	1.62763	1.32696	0.0150252
7.18	9.32464	0.697304	1.64082	1.31061	0.0150145
7.19	9.33161	0.696304	1.65384	1.29414	0.0150037
7.2	9.33858	0.695374	1.6667	1.27754	0.014993
7.21	9.34553	0.694513	1.67939	1.26081	0.0149822
7.22	9.35248	0.693721	1.69192	1.24395	0.0149715
7.23	9.35941	0.692999	1.70427	1.22697	0.0149607
7.24	9.36634	0.692345	1.71646	1.20987	0.0149499
7.25	9.37327	0.691761	1.72847	1.19264	0.0149392
7.26	9.38018	0.691247	1.74031	1.1753	0.0149285
7.27	9.3871	0.690801	1.75198	1.15784	0.0149175
7.28	9.394	0.690424	1.76347	1.14026	0.0149068
7.29	9.40091	0.690116	1.77478	1.12257	0.014896
7.3	9.40781	0.689878	1.78592	1.10476	0.0148852
7.31	9.41471	0.689708	1.79687	1.08685	0.0148745
7.32	9.42161	0.689607	1.80765	1.06883	0.0148637
7.33	9.4285	0.689576	1.81825	1.0507	0.0148529
7.34	9.4354	0.689613	1.82867	1.03246	0.0148422
7.35	9.44229	0.689719	1.8389	1.01412	0.0148314
7.36	9.44919	0.689894	1.84895	0.995685	0.0148206
7.37	9.45609	0.690138	1.85881	0.977145	0.0148099
7.38	9.46299	0.690451	1.86849	0.958509	0.014799
7.39	9.4699	0.690834	1.87798	0.939776	0.0147882
7.4	9.4768	0.691285	1.88729	0.92095	0.0147775
7.41	9.48372	0.691805	1.8964	0.902031	0.0147667
7.42	9.49064	0.692394	1.90533	0.883023	0.014756
7.43	9.49756	0.693052	1.91406	0.863925	0.0147453
7.44	9.50449	0.693779	1.92261	0.844741	0.0147345
7.45	9.51143	0.694575	1.93096	0.825474	0.0147238
7.46	9.51837	0.695441	1.93911	0.806123	0.0147131
7.47	9.52533	0.696375	1.94708	0.786692	0.0147024
7.48	9.53229	0.697379	1.95485	0.767182	0.0146917
7.49	9.53927	0.698452	1.96242	0.747596	0.0146809
7.5	9.54625	0.699594	1.9698	0.727934	0.0146703
7.51	9.55325	0.700806	1.97698	0.708201	0.0146596
7.52	9.56025	0.702087	1.98396	0.688395	0.0146489
7.53	9.56728	0.703438	1.99075	0.668522	0.0146383
7.54	9.57431	0.704858	1.99733	0.648581	0.0146277
7.55	9.58136	0.706348	2.00372	0.628576	0.014617
7.56	9.58842	0.707907	2.00991	0.608507	0.0146064
7.57	9.5955	0.709536	2.01589	0.588379	0.0145957
7.58	9.6026	0.711235	2.02167	0.56819	0.0145852
7.59	9.60971	0.713004	2.02725	0.547946	0.0145746
7.6	9.61684	0.714843	2.03263	0.527646	0.0145641
7.61	9.62399	0.716752	2.03781	0.507294	0.0145535
7.62	9.63116	0.718731	2.04278	0.48689	0.0145429
7.63	9.63834	0.72078	2.04754	0.466439	0.0145325
7.64	9.64555	0.722899	2.05211	0.44594	0.0145219
7.65	9.65278	0.725089	2.05646	0.425398	0.0145115
7.66	9.66003	0.72735	2.06061	0.404812	0.014501
7.67	9.6673	0.72968	2.06456	0.384186	0.0144906
7.68	9.6746	0.732082	2.0683	0.363521	0.0144802
7.69	9.68192	0.734554	2.07183	0.34282	0.0144699
7.7	9.68927	0.737098	2.07515	0.322085	0.0144595
7.71	9.69664	0.739712	2.07827	0.301318	0.0144492
7.72	9.70403	0.742397	2.08118	0.280521	0.014439
7.73	9.71146	0.745153	2.08388	0.259695	0.0144286
7.74	9.71891	0.747981	2.08637	0.238844	0.0144184
7.75	9.72639	0.75088	2.08866	0.217968	0.0144083
7.76	9.7339	0.753851	2.09073	0.197072	0.014398
7.77	9.74144	0.756893	2.0926	0.176154	0.0143878
7.78	9.74901	0.760007	2.09426	0.15522	0.0143776
7.79	9.75661	0.763192	2.0957	0.13427	0.0143675
7.8	9.76424	0.76645	2.09694	0.113307	0.0143573
7.81	9.7719	0.76978	2.09797	0.0923318	0.0143473
7.82	9.7796	0.773182	2.09879	0.0713483	0.0143372
7.83	9.78733	0.776656	2.0994	0.0503568	0.0143274
7.84	9.7951	0.780203	2.09979	0.0293612	0.0143174
7.85	9.8029	0.783822	2.09998	0.00836161	0.0143075
7.86	9.81074	0.787514	2.09996	-0.0126378	0.0142977
7.87	9.81861	0.791278	2.09973	-0.0336369	0.0142878
7.88	9.82653	0.795115	2.09929	-0.0546316	0.0142781
7.89	9.83448	0.799026	2.09864	-0.0756219	0.0142685
7.9	9.84247	0.803009	2.09778	-0.0966037	0.0142588
7.91	9.8505	0.807066	2.09671	-0.117577	0.0142493
7.92	9.85857	0.811195	2.09543	-0.138537	0.0142397
7.93	9.86668	0.815399	2.09394	-0.159484	0.0142302
7.94	9.87483	0.819675	2.09224	-0.180416	0.0142207
7.95	9.88303	0.824025	2.09033	-0.201328	0.0142113
7.96	9.89127	0.828449	2.08821	-0.222222	0.0142019
7.97	9.89956	0.832947	2.08588	-0.243092	0.0141926
7.98	9.90789	0.837518	2.08335	-0.263939	0.0141834
7.99	9.91626	0.842163	2.0806	-0.284758	0.0141742
8	9.92468	0.846883	2.07765	-0.30555	0.014165
8.01	9.93315	0.851676	2.07449	-0.326311	0.014156
8.02	9.94167	0.856544	2.07113	-0.347038	0.0141471
8.03	9.95023	0.861485	2.06755	-0.367732	0.0141381
8.04	9.95885	0.866502	2.06377	-0.388389	0.0141293
8.05	9.96751	0.871592	2.05978	-0.409008	0.0141205
8.06	9.97623	0.876757	2.05559	-0.429583	0.014112
8.07	9.985	0.881996	2.05119	-0.450118	0.0141035
8.08	9.99382	0.88731	2.04659	-0.470608	0.014095
8.09	10.0027	0.892698	2.04178	-0.49105	0.0140866
8.1	10.0116	0.898161	2.03677	-0.511442	0.0140783
8.11	10.0206	0.903698	2.03155	-0.531784	0.0140699
8.12	10.0296	0.90931	2.02613	-0.552073	0.0140618
8.13	10.0387	0.914996	2.02051	-0.572307	0.0140537
8.14	10.0479	0.920757	2.01469	-0.592481	0.0140458
8.15	10.0571	0.926593	2.00866	-0.612599	0.0140379
8.16	10.0664	0.932503	2.00244	-0.632655	0.0140303
8.17	10.0757	0.938488	1.99601	-0.652648	0.0140226
8.18	10.0851	0.944547	1.98938	-0.672573	0.014015
8.19	10.0945	0.95068	1.98256	-0.692434	0.0140077
8.2	10.104	0.956888	1.97553	-0.712225	0.0140002
8.21	10.1136	0.96317	1.96831	-0.731945	0.013993
8.22	10.1232	0.969526	1.9609	-0.751591	0.0139858
8.23	10.1329	0.975956	1.95328	-0.771161	0.013979
8.24	10.1427	0.98246	1.94547	-0.790655	0.0139721
8.25	10.1525	0.989038	1.93747	-0.810071	0.0139655
8.26	10.1624	0.99569	1.92927	-0.829405	0.0139589
8.27	10.1723	1.00241	1.92088	-0.848654	0.0139524
8.28	10.1824	1.00921	1.9123	-0.867821	0.0139462
8.29	10.1925	1.01609	1.90352	-0.886901	0.0139404
8.3	10.2026	1.02303	1.89456	-0.905892	0.0139346
8.31	10.2128	1.03005	1.88541	-0.92479	0.0139289
8.32	10.2231	1.03714	1.87607	-0.943598	0.0139234
8.33	10.2335	1.0443	1.86654	-0.962312	0.0139181
8.34	10.244	1.05153	1.85682	-0.980929	0.0139132
8.35	10.2545	1.05884	1.84692	-0.999447	0.0139082
8.36	10.2651	1.06622	1.83683	-1.01787	0.0139033
8.37	10.2757	1.07367	1.82656	-1.03618	0.0138988
8.38	10.2865	1.08118	1.81611	-1.0544	0.0138946
8.39	10.2973	1.08877	1.80547	-1.0725	0.0138905
8.4	10.3082	1.09643	1.79466	-1.09051	0.0138863
8.41	10.3191	1.10416	1.78366	-1.1084	0.0138827
8.42	10.3302	1.11196	1.77249	-1.12618	0.0138793
8.43	10.3413	1.11983	1.76114	-1.14385	0.0138761
8.44	10.3525	1.12776	1.74961	-1.1614	0.0138732
8.45	10.3638	1.13576	1.73791	-1.17884	0.0138707
8.46	10.3751	1.14383	1.72604	-1.19616	0.0138684
8.47	10.3866	1.15197	1.71399	-1.21336	0.0138662
8.48	10.3981	1.16017	1.70177	-1.23044	0.0138644
8.49	10.4097	1.16844	1.68938	-1.24739	0.013863
8.5	10.4214	1.17677	1.67682	-1.26422	0.0138617
8.51	10.4331	1.18517	1.6641	-1.28093	0.0138608
8.52	10.445	1.19363	1.65121	-1.29751	0.0138604
8.53	10.4569	1.20215	1.63815	-1.31395	0.0138601
8.54	10.4689	1.21073	1.62493	-1.33027	0.0138603
8.55	10.4811	1.21938	1.61154	-1.34645	0.0138608
8.56	10.4932	1.22808	1.598	-1.3625	0.0138616
8.57	10.5055	1.23685	1.58429	-1.37841	0.0138628
8.58	10.5179	1.24567	1.57043	-1.39418	0.0138643
8.59	10.5303	1.25455	1.55641	-1.40982	0.013866
8.6	10.5429	1.26349	1.54223	-1.42531	0.0138683
8.61	10.5555	1.27248	1.5279	-1.44066	0.0138708
8.62	10.5683	1.28153	1.51342	-1.45587	0.0138739
8.63	10.5811	1.29063	1.49879	-1.47093	0.0138773
8.64	10.594	1.29978	1.484	-1.48584	0.0138813
8.65	10.607	1.30899	1.46907	-1.50061	0.0138858
8.66	10.6201	1.31824	1.45399	-1.51523	0.0138906
8.67	10.6332	1.32755	1.43877	-1.52969	0.0138959
8.68	10.6465	1.3369	1.4234	-1.544	0.0139018
8.69	10.6599	1.34629	1.40789	-1.55816	0.0139083
8.7	10.6734	1.35574	1.39224	-1.57216	0.0139151
8.71	10.6869	1.36522	1.37644	-1.586	0.0139225
8.72	10.7006	1.37475	1.36052	-1.59969	0.0139306
8.73	10.7143	1.38432	1.34445	-1.61321	0.0139392
8.74	10.7282	1.39392	1.32825	-1.62657	0.0139481
8.75	10.7421	1.40357	1.31192	-1.63978	0.0139578
8.76	10.7561	1.41325	1.29546	-1.65281	0.0139683
8.77	10.7703	1.42296	1.27887	-1.66568	0.0139791
8.78	10.7845	1.43271	1.26214	-1.67839	0.0139906
8.79	10.7988	1.44249	1.2453	-1.69093	0.0140029
8.8	10.8132	1.4523	1.22833	-1.7033	0.0140154
8.81	10.8278	1.46213	1.21123	-1.71549	0.0140292
8.82	10.8424	1.47199	1.19402	-1.72752	0.0140431
8.83	10.8571	1.48187	1.17668	-1.73937	0.014058
8.84	10.8719	1.49178	1.15923	-1.75105	0.0140734
8.85	10.8868	1.5017	1.14166	-1.76256	0.0140901
8.86	10.9019	1.51164	1.12398	-1.77389	0.0141074
8.87	10.917	1.5216	1.10618	-1.78504	0.0141251
8.88	10.9322	1.53157	1.08828	-1.79601	0.0141439
8.89	10.9475	1.54155	1.07027	-1.8068	0.0141631
8.9	10.9629	1.55153	1.05214	-1.81741	0.0141837
8.91	10.9784	1.56153	1.03392	-1.82784	0.0142047
8.92	10.9941	1.57153	1.01559	-1.83809	0.0142267
8.93	11.0098	1.58153	0.997157	-1.84816	0.0142494
8.94	11.0256	1.59153	0.978626	-1.85803	0.014273
8.95	11.0415	1.60152	0.959996	-1.86773	0.0142979
8.96	11.0575	1.61151	0.941271	-1.87723	0.0143236
8.97	11.0736	1.62149	0.922451	-1.88655	0.01435
8.98	11.0898	1.63146	0.903542	-1.89568	0.0143775
8.99	11.1062	1.64142	0.884539	-1.90462	0.014406
9	11.1226	1.65136	0.865449	-1.91337	0.0144353
9.01	11.1391	1.66128	0.846272	-1.92193	0.0144657
9.02	11.1557	1.67117	0.827012	-1.9303	0.014497
9.03	11.1724	1.68105	0.807667	-1.93847	0.0145294
9.04	11.1892	1.69089	0.788242	-1.94645	0.014563
9.05	11.2061	1.7007	0.768738	-1.95424	0.0145978
9.06	11.2231	1.71048	0.749159	-1.96183	0.0146336
9.07	11.2402	1.72022	0.729503	-1.96922	0.0146703
9.08	11.2574	1.72993	0.709774	-1.97642	0.0147082
9.09	11.2747	1.73959	0.689975	-1.98341	0.0147471
9.1	11.2921	1.7492	0.670108	-1.99021	0.0147873
9.11	11.3096	1.75876	0.650172	-1.99682	0.0148286
9.12	11.3272	1.76827	0.630171	-2.00322	0.0148712
9.13	11.3449	1.77773	0.610107	-2.00942	0.0149148
9.14	11.3627	1.78712	0.589984	-2.01542	0.0149596
9.15	11.3806	1.79646	0.569801	-2.02122	0.015006
9.16	11.3985	1.80573	0.54956	-2.02682	0.0150534
9.17	11.4166	1.81492	0.529264	-2.03221	0.0151021
9.18	11.4347	1.82405	0.508917	-2.0374	0.0151519
9.19	11.453	1.8331	0.488518	-2.04239	0.0152028
9.2	11.4713	1.84207	0.468069	-2.04717	0.0152552
9.21	11.4897	1.85096	0.447574	-2.05175	0.0153087
9.22	11.5082	1.85977	0.427034	-2.05612	0.0153635
9.23	11.5268	1.86848	0.406453	-2.06029	0.0154196
9.24	11.5455	1.8771	0.38583	-2.06425	0.0154771
9.25	11.5643	1.88563	0.365168	-2.06801	0.0155357
9.26	11.5831	1.89406	0.344469	-2.07156	0.0155957
9.27	11.6021	1.90238	0.323739	-2.0749	0.0156569
9.28	11.6211	1.91059	0.302973	-2.07803	0.0157193
9.29	11.6402	1.9187	0.282178	-2.08096	0.0157832
9.3	11.6594	1.92669	0.261354	-2.08367	0.0158483
9.31	11.6787	1.93457	0.240506	-2.08618	0.0159146
9.32	11.698	1.94233	0.219632	-2.08848	0.0159824
9.33	11.7174	1.94996	0.198736	-2.09057	0.0160512
9.34	11.7369	1.95747	0.17782	-2.09246	0.0161212
9.35	11.7565	1.96484	0.156889	-2.09413	0.0161925
9.36	11.7762	1.97208	0.135939	-2.0956	0.0162651
9.37	11.7959	1.97919	0.114976	-2.09685	0.0163391
9.38	11.8157	1.98615	0.0940021	-2.09789	0.0164142
9.39	11.8355	1.99297	0.0730203	-2.09873	0.0164907
9.4	11.8555	1.99965	0.0520292	-2.09936	0.0165683
9.41	11.8755	2.00618	0.0310329	-2.09977	0.016647
9.42	11.8955	2.01255	0.0100335	-2.09998	0.016727
9.43	11.9156	2.01876	-0.0109649	-2.09997	0.016808
9.44	11.9358	2.02482	-0.0319642	-2.09976	0.0168904
9.45	11.9561	2.03072	-0.0529603	-2.09933	0.0169738
9.46	11.9764	2.03645	-0.0739511	-2.0987	0.0170581
9.47	11.9967	2.04201	-0.0949325	-2.09785	0.0171436
9.48	12.0172	2.04741	-0.115906	-2.0968	0.0172302
9.49	12.0376	2.05263	-0.136869	-2.09553	0.0173177
9.5	12.0582	2.05767	-0.157817	-2.09406	0.0174063
9.51	12.0787	2.06254	-0.17875	-2.09238	0.0174959
9.52	12.0994	2.06722	-0.199663	-2.09049	0.0175863
9.53	12.12	2.07172	-0.220558	-2.08839	0.0176778
9.54	12.1408	2.07604	-0.241431	-2.08608	0.0177701
9.55	12.1615	2.08017	-0.26228	-2.08356	0.0178631
9.56	12.1823	2.08411	-0.283101	-2.08083	0.0179572
9.57	12.2032	2.08785	-0.303895	-2.07789	0.018052
9.58	12.224	2.09141	-0.324659	-2.07475	0.0181475
9.59	12.245	2.09476	-0.34539	-2.0714	0.0182436
9.6	12.2659	2.09792	-0.366085	-2.06784	0.0183405
9.61	12.2869	2.10088	-0.386745	-2.06408	0.0184381
9.62	12.3079	2.10364	-0.407367	-2.06011	0.0185363
9.63	12.3289	2.1062	-0.427948	-2.05593	0.018635
9.64	12.35	2.10855	-0.448484	-2.05155	0.0187343
9.65	12.3711	2.1107	-0.468977	-2.04696	0.018834
9.66	12.3922	2.11264	-0.489423	-2.04217	0.018934
9.67	12.4133	2.11437	-0.509821	-2.03718	0.0190345
9.68	12.4345	2.11589	-0.530165	-2.03198	0.0191352
9.69	12.4556	2.11721	-0.550459	-2.02657	0.0192363
9.7	12.4768	2.11831	-0.570697	-2.02097	0.0193377
9.71	12.498	2.11921	-0.590878	-2.01516	0.0194392
9.72	12.5192	2.11989	-0.610998	-2.00915	0.0195409
9.73	12.5404	2.12036	-0.631059	-2.00294	0.0196428
9.74	12.5616	2.12063	-0.651057	-1.99653	0.0197446
9.75	12.5828	2.12067	-0.67099	-1.98992	0.0198468
9.76	12.604	2.12051	-0.690856	-1.98311	0.0199487
9.77	12.6252	2.12013	-0.710651	-1.9761	0.0200505
9.78	12.6464	2.11955	-0.730376	-1.9689	0.0201525
9.79	12.6676	2.11875	-0.750029	-1.96149	0.0202541
9.8	12.6888	2.11774	-0.769607	-1.95389	0.0203554
9.81	12.7099	2.11651	-0.789105	-1.9461	0.0204565
9.82	12.7311	2.11508	-0.808527	-1.93811	0.0205575
9.83	12.7523	2.11344	-0.827868	-1.92993	0.0206582
9.84	12.7734	2.1116	-0.847126	-1.92156	0.0207582
9.85	12.7945	2.10954	-0.866297	-1.91299	0.0208581
9.86	12.8156	2.10728	-0.885384	-1.90423	0.0209575
9.87	12.8367	2.10481	-0.904382	-1.89528	0.0210561
9.88	12.8577	2.10214	-0.92329	-1.88614	0.0211544
9.89	12.8787	2.09927	-0.942103	-1.87682	0.021252
9.9	12.8997	2.0962	-0.960825	-1.8673	0.0213491
9.91	12.9207	2.09292	-0.97945	-1.8576	0.0214453
9.92	12.9416	2.08945	-0.997977	-1.84771	0.0215409
9.93	12.9625	2.08579	-1.0164	-1.83764	0.0216359
9.94	12.9834	2.08193	-1.03473	-1.82739	0.0217298
9.95	13.0042	2.07788	-1.05295	-1.81695	0.0218234
9.96	13.025	2.07364	-1.07107	-1.80633	0.0219157
9.97	13.0457	2.06921	-1.08908	-1.79553	0.0220074
9.98	13.0664	2.0646	-1.10698	-1.78455	0.022098
9.99	13.0871	2.05981	-1.12477	-1.77339	0.0221877
10	13.1077	2.05483	-1.14244	-1.76205	0.0222765
10.01	13.1282	2.04968	-1.16001	-1.75054	0.0223641
10.02	13.1487	2.04435	-1.17745	-1.73885	0.0224505
10.03	13.1691	2.03885	-1.19478	-1.72699	0.0225365
10.04	13.1895	2.03318	-1.21199	-1.71496	0.0226209
10.05	13.2099	2.02735	-1.22908	-1.70275	0.0227043
10.06	13.2301	2.02135	-1.24605	-1.69037	0.0227865
10.07	13.2503	2.01519	-1.26289	-1.67783	0.0228675
10.08	13.2705	2.00887	-1.2796	-1.66512	0.0229477
10.09	13.2906	2.00239	-1.29619	-1.65224	0.0230265
10.1	13.3106	1.99577	-1.31265	-1.63919	0.0231042
10.11	13.3306	1.98899	-1.32897	-1.62599	0.0231807
10.12	13.3505	1.98207	-1.34517	-1.61261	0.0232558
10.13	13.3703	1.97501	-1.36123	-1.59908	0.0233299
10.14	13.39	1.96781	-1.37715	-1.58539	0.0234028
10.15	13.4097	1.96048	-1.39293	-1.57154	0.0234742
10.16	13.4293	1.95301	-1.40858	-1.55753	0.0235444
10.17	13.4488	1.94541	-1.42408	-1.54337	0.0236134
10.18	13.4683	1.93769	-1.43944	-1.52905	0.0236811
10.19	13.4877	1.92984	-1.45466	-1.51458	0.0237474
10.2	13.507	1.92188	-1.46974	-1.49996	0.0238125
10.21	13.5262	1.9138	-1.48466	-1.48519	0.0238759
10.22	13.5453	1.90561	-1.49944	-1.47027	0.0239386
10.23	13.5644	1.89731	-1.51407	-1.4552	0.0239997
10.24	13.5834	1.8889	-1.52854	-1.43998	0.0240596
10.25	13.6023	1.8804	-1.54287	-1.42463	0.0241183
10.26	13.6211	1.87179	-1.55704	-1.40913	0.0241754
10.27	13.6398	1.8631	-1.57105	-1.39349	0.0242313
10.28	13.6584	1.85431	-1.5849	-1.37771	0.0242858
10.29	13.6769	1.84543	-1.5986	-1.36179	0.0243393
10.3	13.6954	1.83647	-1.61214	-1.34574	0.0243916
10.31	13.7138	1.82743	-1.62552	-1.32955	0.0244424
10.32	13.732	1.81832	-1.63873	-1.31323	0.0244918
10.33	13.7502	1.80913	-1.65178	-1.29677	0.02454
10.34	13.7683	1.79987	-1.66467	-1.28019	0.024587
10.35	13.7863	1.79054	-1.67738	-1.26348	0.0246328
10.36	13.8042	1.78115	-1.68993	-1.24664	0.0246774
10.37	13.822	1.7717	-1.70232	-1.22968	0.0247208
10.38	13.8397	1.76219	-1.71453	-1.2126	0.0247631
10.39	13.8574	1.75263	-1.72657	-1.19539	0.0248042
10.4	13.8749	1.74302	-1.73844	-1.17807	0.0248441
10.41	13.8923	1.73336	-1.75013	-1.16062	0.0248828
10.42	13.9097	1.72366	-1.76165	-1.14306	0.0249204
10.43	13.9269	1.71392	-1.77299	-1.12539	0.0249569
10.44	13.944	1.70414	-1.78415	-1.10761	0.0249922
10.45	13.9611	1.69432	-1.79514	-1.08971	0.0250264
10.46	13.978	1.68448	-1.80595	-1.0717	0.0250593
10.47	13.9949	1.6746	-1.81657	-1.05359	0.0250913
10.48	14.0116	1.6647	-1.82702	-1.03537	0.0251219
10.49	14.0283	1.65478	-1.83728	-1.01705	0.0251518
10.5	14.0448	1.64484	-1.84736	-0.998627	0.0251808
10.51	14.0613	1.63488	-1.85725	-0.980104	0.0252084
10.52	14.0776	1.62491	-1.86696	-0.961484	0.0252353
10.53	14.0939	1.61493	-1.87648	-0.942766	0.025261
10.54	14.11	1.60494	-1.88582	-0.923954	0.025286
10.55	14.1261	1.59494	-1.89496	-0.90505	0.0253099
10.56	14.142	1.58494	-1.90392	-0.886056	0.0253328
10.57	14.1579	1.57494	-1.91268	-0.866973	0.0253548
10.58	14.1736	1.56495	-1.92126	-0.847802	0.0253759
10.59	14.1892	1.55495	-1.92964	-0.828547	0.0253963
10.6	14.2048	1.54497	-1.93783	-0.809211	0.0254159
10.61	14.2202	1.53499	-1.94582	-0.789792	0.0254345
10.62	14.2356	1.52502	-1.95362	-0.770295	0.0254524
10.63	14.2508	1.51507	-1.96123	-0.75072	0.0254695
10.64	14.266	1.50514	-1.96864	-0.731072	0.0254857
10.65	14.2811	1.49522	-1.97585	-0.711349	0.0255014
10.66	14.296	1.48532	-1.98286	-0.691554	0.0255163
10.67	14.3109	1.47545	-1.98968	-0.671691	0.0255304
10.68	14.3256	1.4656	-1.9963	-0.651762	0.0255434
10.69	14.3403	1.45578	-2.00272	-0.631767	0.025556
10.7	14.3548	1.44598	-2.00893	-0.611708	0.0255679
10.71	14.3693	1.43622	-2.01495	-0.591588	0.0255789
10.72	14.3836	1.42649	-2.02076	-0.571411	0.0255895
10.73	14.3979	1.41679	-2.02638	-0.551174	0.0255995
10.74	14.4121	1.40713	-2.03179	-0.530883	0.0256086
10.75	14.4262	1.3975	-2.037	-0.510538	0.0256173
10.76	14.4401	1.38792	-2.042	-0.490143	0.0256254
10.77	14.454	1.37837	-2.0468	-0.4697	0.0256326
10.78	14.4678	1.36887	-2.05139	-0.449208	0.0256394
10.79	14.4815	1.35941	-2.05578	-0.428672	0.0256457
10.8	14.4951	1.35	-2.05997	-0.408092	0.0256514
10.81	14.5086	1.34063	-2.06394	-0.387474	0.0256568
10.82	14.522	1.33131	-2.06772	-0.366815	0.0256616
10.83	14.5353	1.32205	-2.07128	-0.34612	0.025666
10.84	14.5485	1.31283	-2.07464	-0.325389	0.0256698
10.85	14.5616	1.30366	-2.07779	-0.304629	0.0256731
10.86	14.5747	1.29455	-2.08073	-0.283835	0.0256759
10.87	14.5876	1.28549	-2.08346	-0.263014	0.0256781
10.88	14.6005	1.27649	-2.08599	-0.242166	0.0256799
10.89	14.6132	1.26754	-2.08831	-0.221296	0.0256814
10.9	14.6259	1.25865	-2.09042	-0.200401	0.0256825
10.91	14.6385	1.24983	-2.09232	-0.179487	0.0256831
10.92	14.651	1.24106	-2.09401	-0.158555	0.0256833
10.93	14.6634	1.23235	-2.09549	-0.137609	0.025683
10.94	14.6757	1.2237	-2.09676	-0.116647	0.0256825
10.95	14.688	1.21512	-2.09782	-0.0956733	0.0256816
10.96	14.7001	1.20659	-2.09867	-0.0746902	0.0256802
10.97	14.7122	1.19814	-2.09931	-0.0537016	0.0256787
10.98	14.7242	1.18975	-2.09975	-0.0327056	0.0256767
10.99	14.7361	1.18142	-2.09997	-0.0117064	0.0256744
11	14.7479	1.17316	-2.09998	0.00929397	0.0256719
11.01	14.7596	1.16497	-2.09978	0.0302934	0.0256689
11.02	14.7713	1.15684	-2.09937	0.0512879	0.025666
11.03	14.7828	1.14879	-2.09876	0.0722792	0.0256625
11.04	14.7943	1.1408	-2.09793	0.0932632	0.0256589
11.05	14.8057	1.13288	-2.09689	0.114238	0.0256549
11.06	14.8171	1.12504	-2.09564	0.135199	0.0256507
11.07	14.8283	1.11726	-2.09419	0.156149	0.0256464
11.08	14.8395	1.10955	-2.09252	0.177083	0.0256415
11.09	14.8506	1.10192	-2.09064	0.198	0.0256368
11.1	14.8616	1.09436	-2.08856	0.218894	0.0256315
11.11	14.8725	1.08687	-2.08627	0.239769	0.0256261
11.12	14.8834	1.07945	-2.08377	0.26062	0.0256206
11.13	14.8942	1.07211	-2.08105	0.281445	0.0256148
11.14	14.9049	1.06484	-2.07814	0.302239	0.0256089
11.15	14.9156	1.05765	-2.07501	0.323006	0.0256028
11.16	14.9261	1.05053	-2.07168	0.34374	0.0255963
11.17	14.9367	1.04348	-2.06814	0.36444	0.0255899
11.18	14.9471	1.03651	-2.06439	0.385101	0.0255832
11.19	14.9575	1.02962	-2.06043	0.405726	0.0255764
11.2	14.9677	1.0228	-2.05627	0.42631	0.0255693
11.21	14.978	1.01605	-2.05191	0.446851	0.025562
11.22	14.9881	1.00938	-2.04734	0.467346	0.0255547
11.23	14.9982	1.00279	-2.04256	0.487796	0.025547
11.24	15.0083	0.996274	-2.03758	0.508198	0.0255393
11.25	15.0182	0.989834	-2.0324	0.528548	0.0255316
11.26	15.0281	0.983471	-2.02701	0.548844	0.0255236
11.27	15.038	0.977184	-2.02142	0.569087	0.0255152
11.28	15.0477	0.970974	-2.01563	0.589273	0.0255071
11.29	15.0574	0.964841	-2.00963	0.6094	0.0254986
11.3	15.0671	0.958785	-2.00344	0.629466	0.02549
11.31	15.0767	0.952806	-1.99705	0.649467	0.0254815
11.32	15.0862	0.946904	-1.99045	0.669405	0.0254727
11.33	15.0957	0.94108	-1.98366	0.689276	0.0254639
11.34	15.1051	0.935332	-1.97667	0.709078	0.0254549
11.35	15.1144	0.929662	-1.96948	0.728808	0.0254459
11.36	15.1237	0.924069	-1.96209	0.748466	0.0254367
11.37	15.133	0.918554	-1.95451	0.76805	0.0254275
11.38	15.1422	0.913115	-1.94673	0.787557	0.0254182
11.39	15.1513	0.907754	-1.93876	0.806983	0.0254088
11.4	15.1604	0.902471	-1.93059	0.82633	0.0253991
11.41	15.1694	0.897264	-1.92223	0.845595	0.0253895
11.42	15.1784	0.892135	-1.91368	0.864775	0.0253796
11.43	15.1873	0.887083	-1.90494	0.883867	0.0253698
11.44	15.1962	0.882109	-1.896	0.902872	0.0253601
11.45	15.205	0.877211	-1.88688	0.921787	0.0253501
11.46	15.2137	0.872391	-1.87757	0.94061	0.0253401
11.47	15.2225	0.867647	-1.86807	0.959337	0.02533
11.48	15.2311	0.862981	-1.85838	0.97797	0.0253198
11.49	15.2398	0.858391	-1.84851	0.996505	0.0253096
11.5	15.2484	0.853879	-1.83845	1.01494	0.0252993
11.51	15.2569	0.849443	-1.82821	1.03327	0.025289
11.52	15.2654	0.845084	-1.81778	1.0515	0.0252785
11.53	15.2738	0.840801	-1.80718	1.06963	0.0252679
11.54	15.2823	0.836595	-1.79639	1.08765	0.0252573
11.55	15.2906	0.832465	-1.78543	1.10556	0.0252466
11.56	15.2989	0.828412	-1.77428	1.12335	0.025236
11.57	15.3072	0.824435	-1.76296	1.14104	0.0252254
11.58	15.3155	0.820534	-1.75146	1.15861	0.0252146
11.59	15.3237	0.816709	-1.73979	1.17607	0.0252039
11.6	15.3318	0.81296	-1.72794	1.19341	0.0251931
11.61	15.34	0.809287	-1.71592	1.21063	0.0251822
11.62	15.3481	0.80569	-1.70373	1.22773	0.0251713
11.63	15.3561	0.802168	-1.69137	1.2447	0.0251604
11.64	15.3641	0.798722	-1.67884	1.26155	0.0251492
11.65	15.3721	0.795351	-1.66614	1.27828	0.0251381
11.66	15.3801	0.792055	-1.65327	1.29487	0.0251271
11.67	15.388	0.788835	-1.64024	1.31134	0.0251159
11.68	15.3959	0.78569	-1.62704	1.32768	0.0251048
11.69	15.4038	0.78262	-1.61369	1.34388	0.0250936
11.7	15.4116	0.779624	-1.60017	1.35995	0.0250824
11.71	15.4194	0.776704	-1.58649	1.37589	0.0250711
11.72	15.4271	0.773858	-1.57265	1.39168	0.0250598
11.73	15.4349	0.771086	-1.55865	1.40734	0.0250484
11.74	15.4426	0.768389	-1.5445	1.42285	0.0250371
11.75	15.4503	0.765767	-1.5302	1.43823	0.0250256
11.76	15.4579	0.763218	-1.51574	1.45346	0.0250143
11.77	15.4656	0.760744	-1.50113	1.46854	0.0250029
11.78	15.4732	0.758344	-1.48637	1.48348	0.0249915
11.79	15.4808	0.756017	-1.47146	1.49827	0.02498
11.8	15.4883	0.753765	-1.4564	1.51291	0.0249684
11.81	15.4959	0.751586	-1.4412	1.5274	0.024957
11.82	15.5034	0.74948	-1.42586	1.54173	0.0249455
11.83	15.5109	0.747449	-1.41037	1.55591	0.0249339
11.84	15.5183	0.745491	-1.39474	1.56994	0.0249225
11.85	15.5258	0.743606	-1.37897	1.58381	0.0249108
11.86	15.5332	0.741794	-1.36306	1.59752	0.0248992
11.87	15.5406	0.740056	-1.34702	1.61107	0.0248877
11.88	15.548	0.73839	-1.33084	1.62446	0.024876
11.89	15.5554	0.736798	-1.31453	1.63768	0.0248643
11.9	15.5628	0.735279	-1.29809	1.65075	0.0248527
11.91	15.5702	0.733832	-1.28152	1.66365	0.0248411
11.92	15.5775	0.732458	-1.26482	1.67638	0.0248294
11.93	15.5848	0.731157	-1.24799	1.68894	0.0248177
11.94	15.5921	0.729929	-1.23104	1.70134	0.024806
11.95	15.5994	0.728773	-1.21396	1.71356	0.0247943
11.96	15.6067	0.72769	-1.19677	1.72562	0.0247827
11.97	15.614	0.726679	-1.17945	1.7375	0.0247709
11.98	15.6213	0.725741	-1.16202	1.7492	0.0247592
11.99	15.6285	0.724875	-1.14447	1.76074	0.0247474
12	15.6358	0.724081	-1.1268	1.77209	0.0247357
12.01	15.643	0.72336	-1.10903	1.78327	0.0247241
12.02	15.6502	0.722711	-1.09114	1.79427	0.0247122
12.03	15.6575	0.722134	-1.07314	1.80509	0.0247005
12.04	15.6647	0.721629	-1.05504	1.81574	0.0246887
12.05	15.6719	0.721197	-1.03683	1.8262	0.024677
12.06	15.6791	0.720836	-1.01851	1.83647	0.0246652
12.07	15.6863	0.720548	-1.0001	1.84656	0.0246535
12.08	15.6935	0.720331	-0.981583	1.85647	0.0246417
12.09	15.7007	0.720187	-0.962969	1.8662	0.02463
12.1	15.7079	0.720115	-0.944261	1.87573	0.0246182
12.11	15.7151	0.720115	-0.925456	1.88508	0.0246064
12.12	15.7223	0.720186	-0.906559	1.89424	0.0245946
12.13	15.7295	0.72033	-0.887571	1.90321	0.0245829
12.14	15.7367	0.720546	-0.868496	1.91199	0.0245712
12.15	15.7439	0.720834	-0.849333	1.92058	0.0245594
12.16	15.7512	0.721193	-0.830084	1.92898	0.0245477
12.17	15.7584	0.721625	-0.810753	1.93718	0.0245359
12.18	15.7656	0.722129	-0.791342	1.94519	0.0245242
12.19	15.7728	0.722705	-0.771851	1.95301	0.0245125
12.2	15.78	0.723353	-0.752282	1.96063	0.0245007
12.21	15.7873	0.724073	-0.732638	1.96806	0.024489
12.22	15.7945	0.724865	-0.712922	1.97528	0.0244773
12.23	15.8018	0.72573	-0.693134	1.98231	0.0244656
12.24	15.809	0.726666	-0.673276	1.98915	0.024454
12.25	15.8163	0.727675	-0.653351	1.99578	0.0244423
12.26	15.8236	0.728756	-0.633362	2.00221	0.0244306
12.27	15.8308	0.729909	-0.613308	2.00845	0.0244189
12.28	15.8381	0.731135	-0.593193	2.01448	0.0244073
12.29	15.8455	0.732433	-0.573018	2.02031	0.0243956
12.3	15.8528	0.733804	-0.552786	2.02594	0.024384
12.31	15.8601	0.735247	-0.532501	2.03136	0.0243723
12.32	15.8675	0.736763	-0.512161	2.03659	0.0243608
12.33	15.8748	0.738351	-0.491769	2.04161	0.0243492
12.34	15.8822	0.740012	-0.471328	2.04642	0.0243376
12.35	15.8896	0.741746	-0.450842	2.05103	0.0243261
12.36	15.897	0.743553	-0.430309	2.05544	0.0243145
12.37	15.9045	0.745432	-0.409733	2.05964	0.0243029
12.38	15.9119	0.747385	-0.389116	2.06363	0.0242915
12.39	15.9194	0.74941	-0.368462	2.06742	0.02428
12.4	15.9269	0.751509	-0.34777	2.071	0.0242686
12.41	15.9344	0.753681	-0.327042	2.07438	0.0242572
12.42	15.942	0.755926	-0.306282	2.07754	0.0242457
12.43	15.9495	0.758244	-0.285493	2.0805	0.0242344
12.44	15.9571	0.760637	-0.264673	2.08325	0.024223
12.45	15.9647	0.763102	-0.243827	2.0858	0.0242117
12.46	15.9723	0.765641	-0.222957	2.08813	0.0242003
12.47	15.98	0.768254	-0.202067	2.09026	0.0241891
12.48	15.9877	0.770941	-0.181154	2.09217	0.0241778
12.49	15.9954	0.773702	-0.160223	2.09388	0.0241667
12.5	16.0031	0.776537	-0.139276	2.09538	0.0241555
12.51	16.0109	0.779445	-0.118317	2.09666	0.0241445
12.52	16.0187	0.782428	-0.0973444	2.09774	0.0241332
12.53	16.0265	0.785486	-0.076362	2.09861	0.0241222
12.54	16.0344	0.788618	-0.055372	2.09927	0.0241112
12.55	16.0422	0.791824	-0.0343764	2.09972	0.0241001
12.56	16.0502	0.795105	-0.0133793	2.09996	0.0240893
12.57	16.0581	0.79846	0.00762105	2.09999	0.0240781
12.58	16.0661	0.801891	0.0286207	2.0998	0.0240673
12.59	16.0741	0.805396	0.0496174	2.09941	0.0240565
12.6	16.0822	0.808976	0.0706072	2.09881	0.0240456
12.61	16.0903	0.812631	0.0915919	2.098	0.024035
12.62	16.0984	0.816362	0.112567	2.09698	0.0240241
12.63	16.1065	0.820168	0.133532	2.09575	0.0240135
12.64	16.1147	0.824049	0.154481	2.09431	0.0240028
12.65	16.123	0.828005	0.175416	2.09266	0.0239924
12.66	16.1313	0.832037	0.196334	2.0908	0.0239819
12.67	16.1396	0.836145	0.217233	2.08873	0.0239715
12.68	16.1479	0.840329	0.238107	2.08646	0.023961
12.69	16.1564	0.844588	0.25896	2.08397	0.0239505
12.7	16.1648	0.848923	0.279787	2.08128	0.0239404
12.71	16.1733	0.853334	0.300586	2.07838	0.0239301
12.72	16.1818	0.857821	0.321353	2.07527	0.0239198
12.73	16.1904	0.862385	0.342089	2.07195	0.02391
12.74	16.199	0.867024	0.362792	2.06842	0.0239
12.75	16.2077	0.87174	0.383458	2.06469	0.02389
12.76	16.2164	0.876531	0.404084	2.06076	0.0238802
12.77	16.2252	0.8814	0.424672	2.05661	0.0238702
12.78	16.234	0.886344	0.445217	2.05226	0.0238606
12.79	16.2429	0.891365	0.465717	2.04771	0.0238508
12.8	16.2518	0.896463	0.486169	2.04295	0.0238414
12.81	16.2607	0.901637	0.506574	2.03798	0.0238319
12.82	16.2697	0.906887	0.526929	2.03282	0.0238226
12.83	16.2788	0.912214	0.547231	2.02745	0.0238132
12.84	16.2879	0.917618	0.567478	2.02187	0.0238038
12.85	16.2971	0.923098	0.587667	2.0161	0.0237946
12.86	16.3063	0.928654	0.607798	2.01012	0.0237854
12.87	16.3156	0.934287	0.627869	2.00394	0.0237764
12.88	16.325	0.939997	0.647878	1.99756	0.0237678
12.89	16.3344	0.945783	0.667819	1.99098	0.0237593
12.9	16.3438	0.951645	0.687696	1.98421	0.0237504
12.91	16.3533	0.957584	0.707503	1.97723	0.0237421
12.92	16.3629	0.963599	0.72724	1.97006	0.0237341
12.93	16.3726	0.96969	0.746903	1.96269	0.0237258
12.94	16.3823	0.975858	0.766492	1.95512	0.0237176
12.95	16.392	0.982101	0.786005	1.94736	0.0237098
12.96	16.4018	0.988421	0.80544	1.9394	0.0237021
12.97	16.4117	0.994816	0.824792	1.93125	0.0236944
12.98	16.4217	1.00129	0.844063	1.9229	0.0236867
12.99	16.4317	1.00783	0.86325	1.91437	0.023679
13	16.4418	1.01445	0.882351	1.90564	0.0236718
13.01	16.4519	1.02115	0.901361	1.89672	0.0236644
13.02	16.4621	1.02792	0.920284	1.88761	0.0236574
13.03	16.4724	1.03477	0.939114	1.87831	0.0236508
13.04	16.4827	1.04169	0.95785	1.86883	0.0236443
13.05	16.4932	1.04869	0.976489	1.85916	0.0236382
13.06	16.5036	1.05576	0.995032	1.8493	0.023632
13.07	16.5142	1.0629	1.01348	1.83926	0.0236259
13.08	16.5248	1.07012	1.03182	1.82903	0.0236199
13.09	16.5355	1.07741	1.05006	1.81862	0.0236147
13.1	16.5463	1.08477	1.06819	1.80803	0.023609
13.11	16.5572	1.09221	1.08622	1.79726	0.0236039
13.12	16.5681	1.09971	1.10413	1.78631	0.0235991
13.13	16.5791	1.10729	1.12194	1.77518	0.0235941
13.14	16.5901	1.11494	1.13964	1.76387	0.0235898
13.15	16.6013	1.12266	1.15722	1.75238	0.0235852
13.16	16.6125	1.13046	1.17468	1.74072	0.0235811
13.17	16.6238	1.13832	1.19203	1.72889	0.0235772
13.18	16.6352	1.14625	1.20926	1.71688	0.0235736
13.19	16.6467	1.15425	1.22637	1.70471	0.0235701
13.2	16.6582	1.16232	1.24335	1.69236	0.0235669
13.21	16.6698	1.17045	1.26022	1.67984	0.0235641
13.22	16.6815	1.17865	1.27695	1.66715	0.0235613
13.23	16.6933	1.18692	1.29356	1.6543	0.0235589
13.24	16.7052	1.19526	1.31004	1.64128	0.0235571
13.25	16.7172	1.20366	1.32638	1.6281	0.0235552
13.26	16.7292	1.21212	1.3426	1.61476	0.0235538
13.27	16.7413	1.22065	1.35868	1.60125	0.0235531
13.28	16.7535	1.22924	1.37462	1.58758	0.0235524
13.29	16.7658	1.23789	1.39043	1.57376	0.0235521
13.3	16.7782	1.2466	1.4061	1.55977	0.0235525
13.31	16.7907	1.25538	1.42162	1.54564	0.0235531
13.32	16.8032	1.26421	1.43701	1.53134	0.0235539
13.33	16.8159	1.2731	1.45225	1.51689	0.0235554
13.34	16.8286	1.28205	1.46735	1.5023	0.0235571
13.35	16.8414	1.29105	1.48229	1.48755	0.0235591
13.36	16.8543	1.30011	1.4971	1.47265	0.0235617
13.37	16.8673	1.30922	1.51175	1.45761	0.0235651
13.38	16.8804	1.31839	1.52625	1.44242	0.0235688
13.39	16.8936	1.32761	1.54059	1.42708	0.0235731
13.4	16.9069	1.33687	1.55479	1.41161	0.023578
13.41	16.9202	1.34619	1.56883	1.39599	0.0235833
13.42	16.9337	1.35555	1.58271	1.38023	0.0235887
13.43	16.9473	1.36496	1.59643	1.36433	0.023595
13.44	16.9609	1.37442	1.60999	1.3483	0.0236019
13.45	16.9747	1.38392	1.6234	1.33213	0.0236092
13.46	16.9885	1.39346	1.63664	1.31583	0.0236169
13.47	17.0024	1.40304	1.64971	1.2994	0.023625
13.48	17.0165	1.41266	1.66262	1.28284	0.0236339
13.49	17.0306	1.42232	1.67537	1.26615	0.023644
13.5	17.0448	1.43201	1.68795	1.24933	0.0236543
13.51	17.0591	1.44174	1.70036	1.23239	0.0236651
13.52	17.0735	1.4515	1.71259	1.21533	0.0236765
13.53	17.0881	1.46129	1.72466	1.19814	0.0236889
13.54	17.1027	1.47111	1.73656	1.18083	0.0237021
13.55	17.1174	1.48096	1.74828	1.16341	0.0237155
13.56	17.1322	1.49083	1.75982	1.14587	0.0237303
13.57	17.1471	1.50072	1.7712	1.12821	0.0237455
13.58	17.1621	1.51063	1.78239	1.11045	0.0237615
13.59	17.1772	1.52056	1.7934	1.09257	0.0237782
13.6	17.1924	1.53051	1.80424	1.07458	0.0237956
13.61	17.2077	1.54048	1.81489	1.05648	0.0238141
13.62	17.2231	1.55045	1.82537	1.03828	0.0238327
13.63	17.2386	1.56043	1.83566	1.01998	0.0238525
13.64	17.2542	1.57043	1.84577	1.00157	0.0238733
13.65	17.2699	1.58042	1.85569	0.983062	0.0238945
13.66	17.2857	1.59042	1.86543	0.964456	0.023917
13.67	17.3016	1.60042	1.87498	0.945753	0.0239407
13.68	17.3177	1.61042	1.88434	0.926957	0.0239648
13.69	17.3338	1.62041	1.89352	0.908068	0.0239903
13.7	17.35	1.6304	1.9025	0.889087	0.0240162
13.71	17.3663	1.64037	1.9113	0.870017	0.0240434
13.72	17.3827	1.65033	1.9199	0.850862	0.0240717
13.73	17.3992	1.66028	1.92832	0.831621	0.0241006
13.74	17.4158	1.67021	1.93654	0.812296	0.0241305
13.75	17.4325	1.68011	1.94456	0.79289	0.0241615
13.76	17.4493	1.69	1.95239	0.773406	0.0241935
13.77	17.4662	1.69985	1.96003	0.753843	0.0242272
13.78	17.4832	1.70968	1.96747	0.734205	0.0242617
13.79	17.5003	1.71947	1.97471	0.714494	0.024297
13.8	17.5175	1.72922	1.98176	0.694713	0.0243336
13.81	17.5348	1.73894	1.98861	0.67486	0.0243715
13.82	17.5522	1.74861	1.99526	0.65494	0.0244105
13.83	17.5696	1.75824	2.00171	0.634955	0.0244505
13.84	17.5872	1.76782	2.00796	0.614906	0.0244919
13.85	17.6049	1.77735	2.014	0.594797	0.0245348
13.86	17.6227	1.78682	2.01985	0.574627	0.024579
13.87	17.6405	1.79624	2.0255	0.5544	0.0246239
13.88	17.6585	1.80559	2.03094	0.534117	0.0246704
13.89	17.6766	1.81488	2.03618	0.513783	0.0247182
13.9	17.6947	1.8241	2.04122	0.493395	0.0247669
13.91	17.7129	1.83324	2.04605	0.472958	0.0248165
13.92	17.7313	1.84232	2.05067	0.452474	0.0248681
13.93	17.7497	1.85131	2.0551	0.431947	0.0249205
13.94	17.7682	1.86022	2.05931	0.411374	0.0249743
13.95	17.7868	1.86905	2.06332	0.39076	0.0250292
13.96	17.8055	1.87778	2.06713	0.370107	0.0250856
13.97	17.8243	1.88643	2.07073	0.349419	0.0251433
13.98	17.8431	1.89498	2.07412	0.328694	0.0252023
13.99	17.8621	1.90343	2.0773	0.307937	0.0252626
14	17.8811	1.91177	2.08028	0.287148	0.0253245
14.01	17.9002	1.92001	2.08304	0.266333	0.0253874
14.02	17.9194	1.92814	2.0856	0.245489	0.0254518
14.03	17.9387	1.93616	2.08795	0.224621	0.0255171
14.04	17.9581	1.94406	2.09009	0.20373	0.0255838
14.05	17.9775	1.95184	2.09203	0.18282	0.0256521
14.06	17.997	1.9595	2.09375	0.161891	0.0257216
14.07	18.0166	1.96703	2.09526	0.140945	0.0257926
14.08	18.0363	1.97442	2.09657	0.119985	0.0258644
14.09	18.0561	1.98169	2.09766	0.0990135	0.0259372
14.1	18.0759	1.98882	2.09855	0.0780338	0.0260114
14.11	18.0958	1.99581	2.09923	0.0570443	0.0260872
14.12	18.1157	2.00265	2.09969	0.036049	0.026164
14.13	18.1357	2.00935	2.09995	0.0150502	0.0262418
14.14	18.1558	2.01589	2.09999	-0.00594813	0.0263211
14.15	18.176	2.02229	2.09983	-0.0269479	0.0264016
14.16	18.1962	2.02853	2.09945	-0.0479449	0.0264831
14.17	18.2165	2.0346	2.09887	-0.0689372	0.026566
14.18	18.2369	2.04052	2.09807	-0.0899206	0.0266501
14.19	18.2573	2.04627	2.09707	-0.110897	0.0267354
14.2	18.2777	2.05185	2.09586	-0.131862	0.0268217
14.21	18.2982	2.05727	2.09443	-0.152814	0.026909
14.22	18.3188	2.0625	2.0928	-0.173749	0.0269972
14.23	18.3394	2.06756	2.09096	-0.194669	0.0270867
14.24	18.3601	2.07245	2.08891	-0.215569	0.0271769
14.25	18.3808	2.07715	2.08665	-0.236447	0.0272682
14.26	18.4016	2.08167	2.08418	-0.2573	0.0273604
14.27	18.4224	2.086	2.0815	-0.278129	0.0274534
14.28	18.4433	2.09014	2.07861	-0.29893	0.0275471
14.29	18.4642	2.09409	2.07552	-0.319701	0.0276421
14.3	18.4851	2.09785	2.07222	-0.340439	0.0277377
14.31	18.5061	2.10141	2.06871	-0.361144	0.0278339
14.32	18.5271	2.10478	2.065	-0.381813	0.0279311
14.33	18.5482	2.10795	2.06108	-0.402444	0.0280289
14.34	18.5692	2.11092	2.05695	-0.423035	0.0281274
14.35	18.5904	2.11369	2.05262	-0.443582	0.0282266
14.36	18.6115	2.11625	2.04808	-0.464086	0.0283262
14.37	18.6327	2.11861	2.04333	-0.484543	0.0284262
14.38	18.6538	2.12076	2.03839	-0.504953	0.0285267
14.39	18.6751	2.1227	2.03324	-0.525309	0.0286276
14.4	18.6963	2.12444	2.02788	-0.545616	0.0287291
14.41	18.7175	2.12597	2.02232	-0.565867	0.0288309
14.42	18.7388	2.12728	2.01656	-0.586062	0.028933
14.43	18.7601	2.12839	2.0106	-0.606197	0.0290354
14.44	18.7813	2.12928	2.00444	-0.626273	0.029138
14.45	18.8026	2.12996	1.99808	-0.646286	0.0292407
14.46	18.8239	2.13043	1.99151	-0.666235	0.0293434
14.47	18.8452	2.13069	1.98475	-0.686115	0.0294464
14.48	18.8665	2.13073	1.97779	-0.705928	0.0295493
14.49	18.8878	2.13056	1.97063	-0.725671	0.0296524
14.5	18.9092	2.13018	1.96328	-0.745341	0.0297551
14.51	18.9305	2.12958	1.95573	-0.764935	0.0298579
14.52	18.9518	2.12878	1.94798	-0.784454	0.0299604
14.53	18.973	2.12776	1.94004	-0.803895	0.0300627
14.54	18.9943	2.12652	1.9319	-0.823255	0.0301649
14.55	19.0156	2.12508	1.92358	-0.842531	0.0302666
14.56	19.0368	2.12343	1.91505	-0.861725	0.0303682
14.57	19.0581	2.12157	1.90634	-0.880832	0.0304694
14.58	19.0793	2.1195	1.89744	-0.899852	0.0305701
14.59	19.1005	2.11722	1.88834	-0.91878	0.0306701
14.6	19.1217	2.11474	1.87906	-0.937617	0.0307698
14.61	19.1428	2.11205	1.86959	-0.956361	0.030869
14.62	19.1639	2.10916	1.85993	-0.975009	0.0309674
14.63	19.185	2.10607	1.85009	-0.99356	0.0310654
14.64	19.2061	2.10278	1.84006	-1.01201	0.0311624
14.65	19.2271	2.09929	1.82985	-1.03036	0.031259
14.66	19.2481	2.0956	1.81946	-1.04861	0.0313545
14.67	19.269	2.09172	1.80888	-1.06675	0.0314494
14.68	19.29	2.08765	1.79812	-1.08478	0.0315437
14.69	19.3108	2.08338	1.78718	-1.10271	0.0316368
14.7	19.3317	2.07893	1.77607	-1.12053	0.0317289
14.71	19.3525	2.07429	1.76477	-1.13823	0.0318207
14.72	19.3732	2.06947	1.7533	-1.15582	0.0319108
14.73	19.3939	2.06447	1.74166	-1.1733	0.0320004
14.74	19.4145	2.0593	1.72984	-1.19065	0.0320888
14.75	19.4351	2.05394	1.71785	-1.20789	0.0321762
14.76	19.4557	2.04841	1.70568	-1.22501	0.0322629
14.77	19.4762	2.04272	1.69335	-1.24201	0.0323483
14.78	19.4966	2.03685	1.68084	-1.25888	0.0324326
14.79	19.517	2.03083	1.66817	-1.27562	0.0325156
14.8	19.5373	2.02464	1.65533	-1.29224	0.0325971
14.81	19.5575	2.01829	1.64233	-1.30873	0.0326776
14.82	19.5777	2.01179	1.62916	-1.32509	0.0327572
14.83	19.5978	2.00513	1.61582	-1.34131	0.0328357
14.84	19.6179	1.99833	1.60233	-1.3574	0.0329129
14.85	19.6379	1.99138	1.58868	-1.37336	0.0329886
14.86	19.6578	1.98429	1.57486	-1.38917	0.0330633
14.87	19.6776	1.97706	1.56089	-1.40485	0.0331362
14.88	19.6974	1.96969	1.54677	-1.42039	0.0332077
14.89	19.7171	1.96219	1.53249	-1.43579	0.0332784
14.9	19.7367	1.95456	1.51805	-1.45104	0.0333479
14.91	19.7562	1.94681	1.50346	-1.46615	0.0334161
14.92	19.7757	1.93894	1.48873	-1.48111	0.0334827
14.93	19.7951	1.93094	1.47384	-1.49592	0.0335483
14.94	19.8144	1.92284	1.45881	-1.51059	0.0336125
14.95	19.8336	1.91462	1.44363	-1.5251	0.033675
14.96	19.8528	1.90629	1.42831	-1.53946	0.0337361
14.97	19.8719	1.89786	1.41284	-1.55366	0.0337958
14.98	19.8908	1.88932	1.39724	-1.56771	0.0338541
14.99	19.9097	1.88069	1.38149	-1.58161	0.0339111
15	19.9285	1.87197	1.3656	-1.59534	0.0339669
15.01	19.9472	1.86315	1.34958	-1.60892	0.0340221
15.02	19.9659	1.85425	1.33343	-1.62234	0.0340753
15.03	19.9844	1.84527	1.31714	-1.63559	0.0341277
15.04	20.0029	1.8362	1.30072	-1.64868	0.0341788
15.05	20.0212	1.82706	1.28417	-1.6616	0.0342283
15.06	20.0395	1.81785	1.26748	-1.67436	0.0342766
15.07	20.0577	1.80856	1.25068	-1.68695	0.0343236
15.08	20.0758	1.79921	1.23375	-1.69937	0.0343693
15.09	20.0938	1.7898	1.21669	-1.71163	0.0344137
15.1	20.1117	1.78033	1.19951	-1.72371	0.0344572
15.11	20.1295	1.7708	1.18222	-1.73562	0.0344991
15.12	20.1472	1.76122	1.1648	-1.74735	0.0345399
15.13	20.1648	1.75159	1.14727	-1.75891	0.0345797
15.14	20.1823	1.74192	1.12963	-1.7703	0.0346177
15.15	20.1997	1.7322	1.11187	-1.7815	0.0346553
15.16	20.217	1.72244	1.09399	-1.79253	0.0346916
15.17	20.2343	1.71265	1.07601	-1.80338	0.0347269
15.18	20.2514	1.70282	1.05793	-1.81405	0.0347606
15.19	20.2684	1.69296	1.03974	-1.82454	0.0347935
15.2	20.2854	1.68308	1.02144	-1.83485	0.0348251
15.21	20.3022	1.67317	1.00304	-1.84497	0.0348555
15.22	20.3189	1.66324	0.98454	-1.85491	0.0348848
15.23	20.3355	1.65329	0.965941	-1.86466	0.0349131
15.24	20.3521	1.64333	0.947246	-1.87423	0.0349405
15.25	20.3685	1.63335	0.928456	-1.88361	0.0349671
15.26	20.3848	1.62336	0.909576	-1.89279	0.0349922
15.27	20.4011	1.61337	0.890602	-1.9018	0.0350166
15.28	20.4172	1.60337	0.87154	-1.91061	0.0350402
15.29	20.4332	1.59337	0.85239	-1.91923	0.0350625
15.3	20.4492	1.58337	0.833157	-1.92765	0.0350843
15.31	20.465	1.57338	0.813838	-1.93589	0.0351046
15.32	20.4807	1.56339	0.794439	-1.94393	0.0351245
15.33	20.4964	1.5534	0.774959	-1.95178	0.0351438
15.34	20.5119	1.54343	0.755405	-1.95943	0.0351615
15.35	20.5274	1.53348	0.735772	-1.96689	0.0351788
15.36	20.5427	1.52353	0.716067	-1.97414	0.0351955
15.37	20.5579	1.51361	0.696289	-1.98121	0.0352112
15.38	20.5731	1.5037	0.676442	-1.98807	0.0352264
15.39	20.5881	1.49382	0.65653	-1.99474	0.0352408
15.4	20.603	1.48396	0.636549	-2.0012	0.0352541
15.41	20.6179	1.47413	0.616505	-2.00747	0.0352666
15.42	20.6326	1.46432	0.5964	-2.01353	0.0352787
15.43	20.6473	1.45454	0.576236	-2.01939	0.0352897
15.44	20.6618	1.4448	0.556014	-2.02506	0.0353003
15.45	20.6763	1.43509	0.535735	-2.03051	0.0353102
15.46	20.6906	1.42542	0.515403	-2.03577	0.0353194
15.47	20.7049	1.41578	0.495021	-2.04082	0.0353277
15.48	20.719	1.40618	0.474588	-2.04567	0.0353358
15.49	20.7331	1.39662	0.454108	-2.05031	0.0353427
15.5	20.747	1.38711	0.433582	-2.05475	0.0353492
15.51	20.7609	1.37764	0.413014	-2.05898	0.0353549
15.52	20.7747	1.36821	0.392404	-2.06301	0.0353608
15.53	20.7884	1.35883	0.371754	-2.06683	0.0353654
15.54	20.802	1.3495	0.351067	-2.07045	0.0353699
15.55	20.8155	1.34022	0.330347	-2.07385	0.0353736
15.56	20.8289	1.33099	0.309591	-2.07705	0.0353774
15.57	20.8422	1.32182	0.288805	-2.08005	0.0353801
15.58	20.8554	1.31269	0.26799	-2.08283	0.0353826
15.59	20.8685	1.30362	0.24715	-2.08541	0.0353843
15.6	20.8815	1.29461	0.226284	-2.08777	0.0353862
15.61	20.8945	1.28566	0.205395	-2.08993	0.0353868
15.62	20.9073	1.27676	0.184485	-2.09188	0.0353879
15.63	20.9201	1.26792	0.163557	-2.09362	0.0353884
15.64	20.9328	1.25914	0.142614	-2.09515	0.0353886
15.65	20.9454	1.25043	0.121656	-2.09647	0.0353884
15.66	20.9579	1.24178	0.100685	-2.09758	0.0353875
15.67	20.9703	1.23319	0.0797036	-2.09849	0.0353859
15.68	20.9826	1.22466	0.0587166	-2.09918	0.0353838
15.69	20.9949	1.2162	0.0377217	-2.09966	0.035382
15.7	21.007	1.20781	0.0167231	-2.09993	0.0353793
15.71	21.0191	1.19948	-0.00427721	-2.1	0.0353763
15.72	21.0311	1.19122	-0.0252751	-2.09985	0.0353735
15.73	21.043	1.18303	-0.0462724	-2.09949	0.0353699
15.74	21.0549	1.1749	-0.0672651	-2.09892	0.035366
15.75	21.0666	1.16685	-0.0882511	-2.09814	0.0353621
15.76	21.0783	1.15887	-0.109226	-2.09716	0.0353581
15.77	21.0899	1.15095	-0.130193	-2.09596	0.0353536
15.78	21.1014	1.14311	-0.151146	-2.09455	0.0353486
15.79	21.1128	1.13534	-0.172084	-2.09294	0.0353435
15.8	21.1242	1.12765	-0.193003	-2.09111	0.0353379
15.81	21.1354	1.12002	-0.213904	-2.08908	0.0353322
15.82	21.1466	1.11247	-0.234785	-2.08683	0.0353263
15.83	21.1578	1.105	-0.255641	-2.08438	0.0353207
15.84	21.1688	1.09759	-0.276471	-2.08172	0.0353142
15.85	21.1798	1.09027	-0.297274	-2.07885	0.0353079
15.86	21.1907	1.08301	-0.318048	-2.07578	0.0353012
15.87	21.2015	1.07584	-0.33879	-2.07249	0.0352942
15.88	21.2123	1.06874	-0.359498	-2.069	0.0352868
15.89	21.223	1.06171	-0.380168	-2.0653	0.0352794
15.9	21.2336	1.05476	-0.400802	-2.0614	0.0352716
15.91	21.2441	1.04789	-0.421396	-2.05729	0.0352639
15.92	21.2546	1.0411	-0.441948	-2.05297	0.035256
15.93	21.265	1.03438	-0.462454	-2.04845	0.0352478
15.94	21.2754	1.02774	-0.482915	-2.04372	0.0352395
15.95	21.2856	1.02118	-0.503329	-2.03879	0.0352309
15.96	21.2959	1.01469	-0.523691	-2.03365	0.0352225
15.97	21.306	1.00829	-0.544	-2.02832	0.0352138
15.98	21.3161	1.00196	-0.564256	-2.02277	0.035205
15.99	21.3261	0.99571	-0.584456	-2.01703	0.0351959
16	21.3361	0.989539	-0.604597	-2.01108	0.0351866
16.01	21.346	0.983446	-0.624678	-2.00494	0.0351773
16.02	21.3558	0.977433	-0.644696	-1.99859	0.0351679
16.03	21.3656	0.971498	-0.664646	-1.99205	0.0351586
16.04	21.3753	0.965642	-0.684533	-1.9853	0.0351487
16.05	21.3849	0.959866	-0.704352	-1.97835	0.0351391
16.06	21.3945	0.954168	-0.724101	-1.97121	0.0351291
16.07	21.4041	0.94855	-0.743777	-1.96387	0.0351193
16.08	21.4136	0.94301	-0.763378	-1.95634	0.0351092
16.09	21.423	0.93755	-0.782904	-1.94861	0.035099
16.1	21.4324	0.932169	-0.802351	-1.94068	0.0350885
16.11	21.4417	0.926868	-0.821714	-1.93256	0.035078
16.12	21.451	0.921646	-0.840998	-1.92425	0.0350673
16.13	21.4602	0.916503	-0.860199	-1.91574	0.0350568
16.14	21.4693	0.911439	-0.879313	-1.90704	0.0350461
16.15	21.4784	0.906454	-0.89834	-1.89815	0.0350355
16.16	21.4875	0.901549	-0.917277	-1.88907	0.0350246
16.17	21.4965	0.896723	-0.936122	-1.87981	0.0350138
16.18	21.5055	0.891976	-0.954873	-1.87035	0.0350027
16.19	21.5144	0.887308	-0.973529	-1.86071	0.0349917
16.2	21.5233	0.882719	-0.992084	-1.85088	0.0349806
16.21	21.5321	0.878209	-1.01054	-1.84087	0.0349695
16.22	21.5409	0.873779	-1.0289	-1.83067	0.0349581
16.23	21.5496	0.869427	-1.04716	-1.82029	0.0349468
16.24	21.5583	0.865154	-1.06531	-1.80973	0.0349353
16.25	21.567	0.860959	-1.08335	-1.79899	0.0349238
16.26	21.5756	0.856844	-1.10129	-1.78806	0.0349124
16.27	21.5842	0.852807	-1.11911	-1.77696	0.0349007
16.28	21.5927	0.848848	-1.13682	-1.76568	0.0348891
16.29	21.6012	0.844968	-1.15442	-1.75423	0.0348773
16.3	21.6096	0.841166	-1.17191	-1.74259	0.0348656
16.31	21.618	0.837443	-1.18928	-1.73079	0.0348538
16.32	21.6264	0.833798	-1.20652	-1.71881	0.034842
16.33	21.6347	0.830231	-1.22365	-1.70666	0.0348303
16.34	21.6431	0.826742	-1.24066	-1.69433	0.0348185
16.35	21.6513	0.823331	-1.25754	-1.68184	0.0348066
16.36	21.6596	0.819997	-1.27429	-1.66919	0.0347948
16.37	21.6678	0.816742	-1.29092	-1.65636	0.0347827
16.38	21.6759	0.813564	-1.30742	-1.64337	0.0347706
16.39	21.6841	0.810464	-1.32379	-1.63021	0.0347584
16.4	21.6922	0.807441	-1.34002	-1.61689	0.0347463
16.41	21.7002	0.804495	-1.35613	-1.60341	0.034734
16.42	21.7083	0.801627	-1.37209	-1.58977	0.0347219
16.43	21.7163	0.798836	-1.38792	-1.57597	0.0347096
16.44	21.7243	0.796122	-1.40361	-1.56201	0.0346973
16.45	21.7322	0.793485	-1.41916	-1.5479	0.0346851
16.46	21.7402	0.790925	-1.43457	-1.53363	0.0346728
16.47	21.7481	0.788441	-1.44983	-1.51921	0.0346604
16.48	21.756	0.786034	-1.46495	-1.50463	0.0346481
16.49	21.7638	0.783704	-1.47992	-1.48991	0.0346357
16.5	21.7717	0.781451	-1.49475	-1.47503	0.0346232
16.51	21.7795	0.779274	-1.50942	-1.46001	0.0346108
16.52	21.7873	0.777173	-1.52395	-1.44485	0.0345984
16.53	21.7951	0.775148	-1.53832	-1.42954	0.0345859
16.54	21.8028	0.7732	-1.55254	-1.41408	0.0345735
16.55	21.8105	0.771327	-1.5666	-1.39849	0.034561
16.56	21.8182	0.769531	-1.58051	-1.38275	0.0345484
16.57	21.8259	0.767811	-1.59426	-1.36687	0.034536
16.58	21.8336	0.766166	-1.60785	-1.35086	0.0345234
16.59	21.8413	0.764597	-1.62127	-1.33472	0.0345109
16.6	21.8489	0.763104	-1.63454	-1.31844	0.0344983
16.61	21.8566	0.761687	-1.64764	-1.30203	0.0344857
16.62	21.8642	0.760345	-1.66058	-1.28549	0.034473
16.63	21.8718	0.759079	-1.67335	-1.26882	0.0344603
16.64	21.8794	0.757888	-1.68595	-1.25202	0.0344477
16.65	21.887	0.756773	-1.69839	-1.2351	0.034435
16.66	21.8945	0.755732	-1.71066	-1.21805	0.0344223
16.67	21.9021	0.754768	-1.72275	-1.20089	0.0344097
16.68	21.9096	0.753878	-1.73467	-1.1836	0.0343969
16.69	21.9172	0.753064	-1.74642	-1.16619	0.0343843
16.7	21.9247	0.752325	-1.758	-1.14867	0.0343715
16.71	21.9322	0.751661	-1.7694	-1.13103	0.0343589
16.72	21.9397	0.751072	-1.78062	-1.11328	0.0343461
16.73	21.9472	0.750558	-1.79166	-1.09542	0.0343335
16.74	21.9548	0.750119	-1.80253	-1.07745	0.0343207
16.75	21.9623	0.749755	-1.81321	-1.05937	0.034308
16.76	21.9697	0.749466	-1.82371	-1.04119	0.0342953
16.77	21.9772	0.749252	-1.83403	-1.0229	0.0342825
16.78	21.9847	0.749113	-1.84417	-1.00451	0.0342698
16.79	21.9922	0.749049	-1.85412	-0.986017	0.0342571
16.8	21.9997	0.74906	-1.86389	-0.967426	0.0342444
16.81	22.0072	0.749145	-1.87347	-0.948739	0.0342316
16.82	22.0147	0.749306	-1.88286	-0.929957	0.034219
16.83	22.0222	0.749542	-1.89207	-0.911081	0.0342062
16.84	22.0297	0.749852	-1.90109	-0.892115	0.0341934
16.85	22.0372	0.750237	-1.90991	-0.87306	0.0341808
16.86	22.0447	0.750697	-1.91855	-0.85392	0.0341681
16.87	22.0522	0.751233	-1.92699	-0.834692	0.0341554
16.88	22.0597	0.751843	-1.93524	-0.81538	0.0341427
16.89	22.0672	0.752528	-1.9433	-0.795987	0.0341301
16.9	22.0748	0.753288	-1.95116	-0.776514	0.0341174
16.91	22.0823	0.754123	-1.95883	-0.756963	0.0341048
16.92	22.0898	0.755033	-1.9663	-0.737337	0.0340921
16.93	22.0974	0.756018	-1.97357	-0.717637	0.0340794
16.94	22.1049	0.757079	-1.98065	-0.697866	0.0340667
16.95	22.1125	0.758214	-1.98753	-0.678028	0.0340542
16.96	22.1201	0.759425	-1.99421	-0.658118	0.0340416
16.97	22.1277	0.760711	-2.00069	-0.638143	0.034029
16.98	22.1353	0.762072	-2.00697	-0.618104	0.0340164
16.99	22.1429	0.763508	-2.01306	-0.598004	0.034004
17	22.1505	0.76502	-2.01893	-0.577843	0.0339914
17.01	22.1582	0.766607	-2.02461	-0.557625	0.0339789
17.02	22.1659	0.76827	-2.03009	-0.53735	0.0339664
17.03	22.1735	0.770008	-2.03536	-0.517026	0.0339538
17.04	22.1812	0.771822	-2.04043	-0.496647	0.0339414
17.05	22.189	0.773712	-2.04529	-0.476218	0.0339289
17.06	22.1967	0.775677	-2.04995	-0.455741	0.0339165
17.07	22.2045	0.777718	-2.05441	-0.435218	0.0339041
17.08	22.2122	0.779835	-2.05866	-0.414652	0.0338919
17.09	22.22	0.782028	-2.0627	-0.394045	0.0338794
17.1	22.2279	0.784297	-2.06654	-0.373398	0.0338671
17.11	22.2357	0.786642	-2.07017	-0.352718	0.0338548
17.12	22.2436	0.789063	-2.07359	-0.331999	0.0338426
17.13	22.2515	0.79156	-2.07681	-0.311246	0.0338304
17.14	22.2594	0.794134	-2.07982	-0.290462	0.0338181
17.15	22.2673	0.796784	-2.08262	-0.269649	0.0338058
17.16	22.2753	0.799511	-2.08521	-0.24881	0.0337937
17.17	22.2833	0.802314	-2.08759	-0.227945	0.0337816
17.18	22.2913	0.805194	-2.08977	-0.207058	0.0337696
17.19	22.2993	0.808151	-2.09173	-0.186149	0.0337575
17.2	22.3074	0.811184	-2.09349	-0.165227	0.0337455
17.21	22.3155	0.814295	-2.09504	-0.144283	0.0337335
17.22	22.3237	0.817482	-2.09638	-0.123326	0.0337216
17.23	22.3319	0.820746	-2.0975	-0.102356	0.0337097
17.24	22.3401	0.824088	-2.09842	-0.0813752	0.0336979
17.25	22.3483	0.827507	-2.09913	-0.0603868	0.0336859
17.26	22.3566	0.831003	-2.09963	-0.0393924	0.033674
17.27	22.3649	0.834576	-2.09992	-0.018394	0.0336622
17.28	22.3732	0.838227	-2.1	0.00260229	0.0336505
17.29	22.3816	0.841956	-2.09987	0.0236023	0.0336388
17.3	22.39	0.845762	-2.09953	0.0445999	0.0336273
17.31	22.3985	0.849646	-2.09898	0.0655931	0.0336158
17.32	22.407	0.853608	-2.09821	0.0865797	0.0336043
17.33	22.4155	0.857648	-2.09724	0.107558	0.033593
17.34	22.4241	0.861765	-2.09606	0.128525	0.0335815
17.35	22.4327	0.865961	-2.09467	0.149479	0.0335703
17.36	22.4414	0.870235	-2.09307	0.170415	0.0335591
17.37	22.4501	0.874587	-2.09127	0.191337	0.0335478
17.38	22.4588	0.879017	-2.08925	0.21224	0.0335368
17.39	22.4676	0.883525	-2.08702	0.233122	0.0335258
17.4	22.4765	0.888111	-2.08458	0.253981	0.0335148
17.41	22.4853	0.892776	-2.08194	0.274814	0.033504
17.42	22.4943	0.897519	-2.07909	0.29562	0.0334931
17.43	22.5032	0.902341	-2.07603	0.316396	0.0334823
17.44	22.5123	0.907241	-2.07276	0.337141	0.0334716
17.45	22.5213	0.91222	-2.06929	0.357848	0.0334609
17.46	22.5305	0.917277	-2.0656	0.378523	0.0334503
17.47	22.5396	0.922412	-2.06172	0.39916	0.03344
17.48	22.5489	0.927626	-2.05762	0.419757	0.0334297
17.49	22.5581	0.932919	-2.05332	0.440313	0.0334198
17.5	22.5675	0.93829	-2.04881	0.460824	0.0334099
17.51	22.5768	0.943739	-2.0441	0.481289	0.0334
17.52	22.5863	0.949267	-2.03919	0.501706	0.0333901
17.53	22.5958	0.954873	-2.03407	0.522069	0.0333802
17.54	22.6053	0.960558	-2.02875	0.542384	0.0333707
17.55	22.6149	0.96632	-2.02322	0.562644	0.0333613
17.56	22.6246	0.972162	-2.0175	0.582849	0.0333521
17.57	22.6343	0.978081	-2.01157	0.602995	0.0333427
17.58	22.6441	0.984078	-2.00544	0.62308	0.0333335
17.59	22.6539	0.990154	-1.9991	0.643104	0.0333248
17.6	22.6638	0.996307	-1.99257	0.663063	0.033316
17.61	22.6738	1.00254	-1.98584	0.682952	0.0333069
17.62	22.6838	1.00885	-1.97892	0.702776	0.0332985
17.63	22.6939	1.01523	-1.97179	0.72253	0.0332902
17.64	22.7041	1.0217	-1.96446	0.742212	0.0332816
17.65	22.7143	1.02824	-1.95694	0.76182	0.0332733
17.66	22.7246	1.03485	-1.94923	0.781351	0.0332652
17.67	22.7349	1.04155	-1.94132	0.800804	0.0332572
17.68	22.7453	1.04832	-1.93321	0.820178	0.0332495
17.69	22.7558	1.05517	-1.92491	0.839469	0.033242
17.7	22.7664	1.06209	-1.91642	0.858672	0.0332349
17.71	22.777	1.06909	-1.90774	0.877794	0.033228
17.72	22.7877	1.07616	-1.89887	0.896828	0.0332212
17.73	22.7984	1.08331	-1.8898	0.915772	0.0332146
17.74	22.8093	1.09053	-1.88055	0.934624	0.0332079
17.75	22.8202	1.09783	-1.87111	0.953383	0.0332014
17.76	22.8312	1.10521	-1.86148	0.972046	0.0331951
17.77	22.8422	1.11265	-1.85167	0.990613	0.0331896
17.78	22.8533	1.12017	-1.84167	1.00908	0.0331837
17.79	22.8645	1.12777	-1.83149	1.02744	0.0331782
17.8	22.8758	1.13543	-1.82113	1.04571	0.0331731
17.81	22.8872	1.14317	-1.81058	1.06387	0.0331681
17.82	22.8986	1.15098	-1.79985	1.08192	0.0331638
17.83	22.9101	1.15886	-1.78894	1.09986	0.0331598
17.84	22.9217	1.1668	-1.77785	1.1177	0.0331555
17.85	22.9334	1.17482	-1.76658	1.13542	0.0331521
17.86	22.9451	1.18291	-1.75514	1.15303	0.0331488
17.87	22.9569	1.19107	-1.74353	1.17052	0.0331456
17.88	22.9689	1.1993	-1.73173	1.1879	0.0331426
17.89	22.9809	1.20759	-1.71977	1.20515	0.0331399
17.9	22.9929	1.21595	-1.70763	1.22229	0.0331378
17.91	23.0051	1.22437	-1.69532	1.23931	0.033136
17.92	23.0173	1.23286	-1.68284	1.2562	0.0331346
17.93	23.0297	1.24141	-1.6702	1.27296	0.0331333
17.94	23.0421	1.25003	-1.65738	1.2896	0.0331322
17.95	23.0546	1.25871	-1.64441	1.30611	0.0331315
17.96	23.0672	1.26745	-1.63126	1.32249	0.0331318
17.97	23.0798	1.27625	-1.61796	1.33873	0.0331322
17.98	23.0926	1.28511	-1.60449	1.35485	0.0331333
17.99	23.1054	1.29403	-1.59086	1.37082	0.0331342
18	23.1184	1.303	-1.57707	1.38666	0.0331362
18.01	23.1314	1.31204	-1.56313	1.40237	0.0331387
18.02	23.1445	1.32112	-1.54903	1.41793	0.0331412
18.03	23.1577	1.33026	-1.53477	1.43334	0.0331446
18.04	23.171	1.33946	-1.52036	1.44862	0.0331484
18.05	23.1844	1.3487	-1.5058	1.46375	0.0331522
18.06	23.1979	1.358	-1.49109	1.47874	0.0331568
18.07	23.2115	1.36735	-1.47622	1.49357	0.0331618
18.08	23.2252	1.37674	-1.46121	1.50826	0.0331673
18.09	23.239	1.38618	-1.44606	1.5228	0.0331735
18.1	23.2528	1.39566	-1.43076	1.53718	0.0331799
18.11	23.2668	1.40518	-1.41532	1.55141	0.0331874
18.12	23.2808	1.41475	-1.39973	1.56549	0.0331955
18.13	23.295	1.42436	-1.38401	1.57941	0.0332044
18.14	23.3092	1.43401	-1.36814	1.59317	0.0332133
18.15	23.3236	1.44369	-1.35214	1.60677	0.0332234
18.16	23.338	1.4534	-1.33601	1.62021	0.0332339
18.17	23.3525	1.46316	-1.31974	1.63349	0.0332451
18.18	23.3672	1.47294	-1.30334	1.6466	0.0332571
18.19	23.3819	1.48275	-1.28681	1.65956	0.0332699
18.2	23.3967	1.49259	-1.27015	1.67234	0.0332831
18.21	23.4116	1.50245	-1.25336	1.68496	0.0332976
18.22	23.4267	1.51234	-1.23645	1.69741	0.0333124
18.23	23.4418	1.52225	-1.21942	1.70969	0.0333281
18.24	23.457	1.53217	-1.20226	1.72179	0.0333443
18.25	23.4723	1.54212	-1.18498	1.73373	0.0333614
18.26	23.4877	1.55208	-1.16758	1.74549	0.0333795
18.27	23.5033	1.56205	-1.15007	1.75708	0.0333985
18.28	23.5189	1.57203	-1.13244	1.76849	0.0334179
18.29	23.5346	1.58202	-1.1147	1.77973	0.0334384
18.3	23.5504	1.59202	-1.09685	1.79079	0.03346
18.31	23.5664	1.60202	-1.07889	1.80167	0.0334823
18.32	23.5824	1.61202	-1.06082	1.81237	0.0335057
18.33	23.5985	1.62202	-1.04264	1.82288	0.0335295
18.34	23.6147	1.63201	-1.02436	1.83322	0.0335547
18.35	23.631	1.642	-1.00597	1.84337	0.0335812
18.36	23.6475	1.65197	-0.987494	1.85334	0.0336082
18.37	23.664	1.66194	-0.968911	1.86312	0.0336364
18.38	23.6806	1.67188	-0.950231	1.87271	0.0336659
18.39	23.6973	1.68181	-0.931456	1.88212	0.0336965
18.4	23.7141	1.69172	-0.912588	1.89134	0.0337274
18.41	23.731	1.70161	-0.893629	1.90038	0.0337593
18.42	23.7481	1.71147	-0.874581	1.90922	0.0337931
18.43	23.7652	1.72129	-0.855445	1.91787	0.0338277
18.44	23.7824	1.73109	-0.836223	1.92633	0.033863
18.45	23.7997	1.74084	-0.816922	1.93459	0.0338997
18.46	23.8171	1.75056	-0.797535	1.94266	0.0339377
18.47	23.8346	1.76024	-0.778068	1.95054	0.0339769
18.48	23.8522	1.76987	-0.758524	1.95822	0.034017
18.49	23.8699	1.77945	-0.738903	1.96571	0.0340587
18.5	23.8877	1.78898	-0.719209	1.973	0.0341019
18.51	23.9056	1.79846	-0.699443	1.9801	0.0341461
18.52	23.9236	1.80787	-0.679607	1.98699	0.0341914
18.53	23.9417	1.81722	-0.659707	1.99369	0.0342382
18.54	23.9598	1.82651	-0.639737	2.00018	0.0342863
18.55	23.9781	1.83573	-0.619703	2.00648	0.0343355
18.56	23.9965	1.84488	-0.599607	2.01258	0.0343855
18.57	24.0149	1.85395	-0.579451	2.01847	0.0344374
18.58	24.0334	1.86294	-0.559237	2.02417	0.0344903
18.59	24.0521	1.87185	-0.538968	2.02966	0.0345445
18.6	24.0708	1.88067	-0.518644	2.03495	0.0345999
18.61	24.0896	1.8894	-0.498272	2.04003	0.0346568
18.62	24.1085	1.89804	-0.477847	2.04491	0.0347148
18.63	24.1275	1.90659	-0.457374	2.04959	0.0347744
18.64	24.1465	1.91503	-0.436855	2.05406	0.0348353
18.65	24.1657	1.92337	-0.416292	2.05832	0.0348976
18.66	24.1849	1.9316	-0.395688	2.06238	0.034961
18.67	24.2042	1.93972	-0.375044	2.06624	0.0350259
18.68	24.2236	1.94773	-0.354363	2.06989	0.0350919
18.69	24.2431	1.95562	-0.333646	2.07333	0.035159
18.7	24.2627	1.96339	-0.3129	2.07656	0.0352278
18.71	24.2823	1.97103	-0.292119	2.07958	0.0352978
18.72	24.302	1.97855	-0.271308	2.0824	0.035369
18.73	24.3218	1.98593	-0.250471	2.08501	0.0354418
18.74	24.3417	1.99318	-0.229608	2.08741	0.0355157
18.75	24.3616	2.00029	-0.208722	2.0896	0.0355909
18.76	24.3816	2.00726	-0.187816	2.09158	0.0356676
18.77	24.4017	2.01409	-0.16689	2.09336	0.0357452
18.78	24.4218	2.02076	-0.145952	2.09492	0.0358239
18.79	24.442	2.02729	-0.124996	2.09628	0.035904
18.8	24.4623	2.03366	-0.104026	2.09742	0.0359854
18.81	24.4826	2.03987	-0.0830469	2.09836	0.0360681
18.82	24.503	2.04593	-0.062059	2.09908	0.0361517
18.83	24.5235	2.05182	-0.041065	2.0996	0.0362365
18.84	24.544	2.05754	-0.0200668	2.0999	0.0363228
18.85	24.5646	2.06309	0.000933366	2.1	0.0364103
18.86	24.5852	2.06847	0.0219294	2.09989	0.0364982
18.87	24.6059	2.07368	0.0429273	2.09956	0.0365875
18.88	24.6266	2.07871	0.0639209	2.09903	0.036678
18.89	24.6474	2.08355	0.0849081	2.09828	0.0367694
18.9	24.6682	2.08822	0.105887	2.09733	0.0368616
18.91	24.6891	2.0927	0.126855	2.09616	0.0369549
18.92	24.7101	2.09699	0.14781	2.09479	0.037049
18.93	24.731	2.10109	0.168751	2.09321	0.037144
18.94	24.752	2.105	0.189671	2.09142	0.0372399
18.95	24.7731	2.10872	0.210576	2.08942	0.0373367
18.96	24.7942	2.11224	0.231459	2.08721	0.037434
18.97	24.8153	2.11556	0.25232	2.08479	0.0375324
18.98	24.8365	2.11868	0.273155	2.08216	0.0376311
18.99	24.8576	2.1216	0.293963	2.07932	0.0377306
19	24.8789	2.12432	0.314742	2.07628	0.0378308
19.01	24.9001	2.12683	0.335489	2.07303	0.0379315
19.02	24.9214	2.12913	0.356203	2.06957	0.0380326
19.03	24.9427	2.13123	0.376877	2.0659	0.0381343
19.04	24.964	2.13312	0.397517	2.06203	0.0382364
19.05	24.9853	2.1348	0.418118	2.05795	0.0383389
19.06	25.0067	2.13627	0.438677	2.05367	0.0384417
19.07	25.028	2.13753	0.459192	2.04918	0.0385448
19.08	25.0494	2.13857	0.479661	2.04449	0.0386479
19.09	25.0708	2.13941	0.500082	2.03959	0.0387516
19.1	25.0922	2.14002	0.520453	2.03448	0.0388553
19.11	25.1136	2.14043	0.540768	2.02918	0.0389591
19.12	25.135	2.14062	0.561033	2.02367	0.0390629
19.13	25.1564	2.1406	0.581241	2.01796	0.0391668
19.14	25.1778	2.14036	0.601392	2.01205	0.0392706
19.15	25.1992	2.13991	0.621482	2.00593	0.0393744
19.16	25.2206	2.13925	0.641511	1.99962	0.039478
19.17	25.242	2.13837	0.661475	1.9931	0.0395815
19.18	25.2634	2.13728	0.681373	1.98639	0.0396848
19.19	25.2847	2.13598	0.701199	1.97947	0.0397879
19.2	25.3061	2.13446	0.720959	1.97236	0.0398906
19.21	25.3274	2.13274	0.740647	1.96506	0.0399929
19.22	25.3488	2.1308	0.76026	1.95755	0.0400949
19.23	25.3701	2.12866	0.779798	1.94985	0.0401963
19.24	25.3914	2.12631	0.799258	1.94195	0.0402972
19.25	25.4126	2.12375	0.818637	1.93386	0.0403976
19.26	25.4339	2.12099	0.837935	1.92558	0.0404975
19.27	25.4551	2.11802	0.857149	1.91711	0.0405967
19.28	25.4763	2.11486	0.876274	1.90844	0.0406954
19.29	25.4974	2.11149	0.895315	1.89958	0.0407933
19.3	25.5185	2.10792	0.914266	1.89053	0.04089
19.31	25.5396	2.10416	0.933125	1.8813	0.0409865
19.32	25.5606	2.1002	0.951892	1.87187	0.0410821
19.33	25.5816	2.09605	0.970563	1.86226	0.0411766
19.34	25.6026	2.09171	0.989137	1.85246	0.0412701
19.35	25.6235	2.08718	1.00761	1.84248	0.0413629
19.36	25.6444	2.08247	1.02598	1.83231	0.0414547
19.37	25.6652	2.07757	1.04426	1.82196	0.0415456
19.38	25.686	2.0725	1.06242	1.81142	0.0416352
19.39	25.7067	2.06724	1.08048	1.80071	0.0417241
19.4	25.7274	2.06181	1.09844	1.78981	0.0418118
19.41	25.748	2.05621	1.11628	1.77874	0.0418985
19.42	25.7686	2.05044	1.13401	1.76749	0.0419837
19.43	25.7891	2.0445	1.15163	1.75606	0.042068
19.44	25.8095	2.0384	1.16913	1.74446	0.0421511
19.45	25.8299	2.03214	1.18652	1.73268	0.0422332
19.46	25.8502	2.02572	1.20378	1.72073	0.0423138
19.47	25.8705	2.01914	1.22093	1.7086	0.0423936
19.48	25.8907	2.01241	1.23796	1.69631	0.0424717
19.49	25.9108	2.00554	1.25486	1.68384	0.0425487
19.5	25.9309	1.99852	1.27163	1.67121	0.0426246
19.51	25.9508	1.99136	1.28828	1.65841	0.042699
19.52	25.9708	1.98406	1.3048	1.64545	0.0427718
19.53	25.9906	1.97663	1.32119	1.63232	0.0428434
19.54	26.0104	1.96906	1.33745	1.61902	0.0429138
19.55	26.0301	1.96137	1.35357	1.60557	0.0429833
19.56	26.0497	1.95356	1.36956	1.59195	0.0430508
19.57	26.0692	1.94562	1.38541	1.57818	0.0431172
19.58	26.0887	1.93756	1.40112	1.56424	0.0431826
19.59	26.108	1.9294	1.41669	1.55015	0.0432461
19.6	26.1273	1.92112	1.43212	1.53591	0.0433088
19.61	26.1465	1.91273	1.44741	1.52151	0.0433699
19.62	26.1657	1.90424	1.46255	1.50696	0.0434295
19.63	26.1847	1.89565	1.47755	1.49226	0.0434881
19.64	26.2037	1.88697	1.4924	1.47741	0.0435454
19.65	26.2225	1.87819	1.5071	1.46242	0.043601
19.66	26.2413	1.86933	1.52165	1.44727	0.0436553
19.67	26.26	1.86038	1.53604	1.43198	0.0437087
19.68	26.2786	1.85135	1.55029	1.41655	0.0437606
19.69	26.2971	1.84224	1.56437	1.40098	0.0438107
19.7	26.3156	1.83305	1.5783	1.38527	0.0438602
19.71	26.3339	1.82379	1.59208	1.36941	0.0439076
19.72	26.3521	1.81447	1.60569	1.35342	0.0439541
19.73	26.3703	1.80508	1.61915	1.3373	0.0439994
19.74	26.3883	1.79563	1.63244	1.32104	0.0440436
19.75	26.4063	1.78612	1.64557	1.30465	0.0440861
19.76	26.4241	1.77656	1.65853	1.28813	0.0441272
19.77	26.4419	1.76695	1.67133	1.27148	0.0441673
19.78	26.4596	1.75729	1.68396	1.25471	0.0442065
19.79	26.4771	1.74759	1.69642	1.2378	0.0442441
19.8	26.4946	1.73784	1.70871	1.22078	0.0442804
19.81	26.512	1.72806	1.72084	1.20363	0.0443157
19.82	26.5293	1.71824	1.73279	1.18636	0.0443501
19.83	26.5465	1.70839	1.74456	1.16897	0.0443837
19.84	26.5635	1.69852	1.75617	1.15147	0.0444159
19.85	26.5805	1.68861	1.76759	1.13385	0.0444469
19.86	26.5974	1.67869	1.77884	1.11612	0.0444766
19.87	26.6142	1.66875	1.78991	1.09828	0.0445053
19.88	26.6309	1.65879	1.80081	1.08032	0.044533
19.89	26.6475	1.64881	1.81152	1.06226	0.0445598
19.9	26.664	1.63883	1.82205	1.04409	0.044586
19.91	26.6803	1.62884	1.8324	1.02582	0.0446107
19.92	26.6966	1.61884	1.84257	1.00744	0.0446345
19.93	26.7128	1.60884	1.85255	0.988966	0.0446569
19.94	26.7289	1.59884	1.86235	0.970395	0.0446788
19.95	26.7449	1.58884	1.87196	0.951723	0.0447002
19.96	26.7608	1.57885	1.88138	0.932956	0.0447201
19.97	26.7766	1.56887	1.89062	0.914095	0.0447393
19.98	26.7923	1.55889	1.89966	0.895143	0.0447573
