#Methode utilisée: euler_0.1_0.2
#Pas d'integration: 0.1
#Position initiale: 0
#Vitesse initiale: 0.2
0	0	0.2	0	0.2	0
0.1	0.02	0.2	0.0199667	0.199001	0.0099997
0.2	0.04	0.198	0.0397339	0.196013	0.020096
0.3	0.0598	0.194001	0.059104	0.191067	0.030286
0.4	0.0792001	0.188025	0.0778837	0.184212	0.0405673
0.5	0.0980026	0.180113	0.0958851	0.175517	0.0509381
0.6	0.116014	0.170328	0.112929	0.165067	0.0613978
0.7	0.133047	0.158753	0.128844	0.152968	0.0719468
0.8	0.148922	0.145488	0.143471	0.139341	0.0825866
0.9	0.163471	0.13065	0.156665	0.124322	0.0933194
1	0.176536	0.114376	0.168294	0.10806	0.104148
1.1	0.187973	0.096814	0.178241	0.0907192	0.115076
1.2	0.197655	0.0781271	0.186408	0.0724715	0.126107
1.3	0.205468	0.0584901	0.192712	0.0534998	0.137242
1.4	0.211317	0.0380876	0.19709	0.0339934	0.148486
1.5	0.215125	0.0171128	0.199499	0.0141474	0.159839
1.6	0.216837	-0.00423414	0.199915	-0.00583991	0.171303
1.7	0.216413	-0.0257483	0.198333	-0.0257689	0.182878
1.8	0.213838	-0.0472211	0.19477	-0.0454404	0.194567
1.9	0.209116	-0.0684423	0.18926	-0.0646579	0.206371
2	0.202272	-0.0892019	0.181859	-0.0832294	0.218291
2.1	0.193352	-0.109291	0.172642	-0.100969	0.23033
2.2	0.182423	-0.128506	0.161699	-0.1177	0.242493
2.3	0.169572	-0.146648	0.149141	-0.133255	0.254784
2.4	0.154907	-0.163524	0.135093	-0.147479	0.267208
2.5	0.138555	-0.178953	0.119694	-0.160229	0.279769
2.6	0.12066	-0.192764	0.1031	-0.171378	0.292474
2.7	0.101383	-0.2048	0.085476	-0.180814	0.305325
2.8	0.0809033	-0.214921	0.0669976	-0.188444	0.318324
2.9	0.0594111	-0.223003	0.0478498	-0.194192	0.331473
3	0.0371108	-0.228941	0.028224	-0.197999	0.34477
3.1	0.0142168	-0.232651	0.0083161	-0.199827	0.358212
3.2	-0.0090483	-0.234072	-0.0116748	-0.199659	0.371794
3.3	-0.0324555	-0.233168	-0.0315491	-0.197496	0.38551
3.4	-0.0557723	-0.229923	-0.0511082	-0.19336	0.399353
3.5	-0.0787646	-0.224348	-0.0701566	-0.187291	0.41332
3.6	-0.101199	-0.21648	-0.0885041	-0.179352	0.427403
3.7	-0.122847	-0.206377	-0.105967	-0.16962	0.441602
3.8	-0.143485	-0.194123	-0.122372	-0.158194	0.455914
3.9	-0.162897	-0.179824	-0.137553	-0.145186	0.470341
4	-0.18088	-0.163606	-0.15136	-0.130729	0.484885
4.1	-0.19724	-0.145617	-0.163655	-0.114965	0.499552
4.2	-0.211802	-0.12602	-0.174315	-0.0980521	0.514345
4.3	-0.224404	-0.104998	-0.183233	-0.0801598	0.529272
4.4	-0.234904	-0.0827456	-0.19032	-0.0614666	0.544336
4.5	-0.243179	-0.0594706	-0.195506	-0.0421592	0.559543
4.6	-0.249126	-0.0353917	-0.198738	-0.0224305	0.574895
4.7	-0.252665	-0.0107361	-0.199985	-0.00247768	0.590396
4.8	-0.253738	0.0142624	-0.199233	0.0174998	0.606047
4.9	-0.252312	0.0393649	-0.196491	0.0373025	0.62185
5	-0.248376	0.0643292	-0.191785	0.0567324	0.637805
5.1	-0.241943	0.0889122	-0.185163	0.0755955	0.653917
5.2	-0.233051	0.112871	-0.176691	0.0937034	0.670188
5.3	-0.221764	0.135966	-0.166453	0.110875	0.686624
5.4	-0.208168	0.157961	-0.154553	0.126939	0.703231
5.5	-0.192372	0.178628	-0.141108	0.141734	0.720019
5.6	-0.174509	0.197747	-0.126253	0.155113	0.736996
5.7	-0.154734	0.215109	-0.110137	0.166943	0.754171
5.8	-0.133223	0.230521	-0.0929204	0.177104	0.77155
5.9	-0.110171	0.243804	-0.0747753	0.185496	0.789142
6	-0.0857909	0.254799	-0.0558831	0.192034	0.806946
6.1	-0.0603111	0.263367	-0.0364325	0.196654	0.824964
6.2	-0.0339744	0.269395	-0.0166178	0.199308	0.843189
6.3	-0.0070349	0.272791	0.00336282	0.199972	0.861615
6.4	0.0202442	0.273495	0.0233099	0.198637	0.880231
6.5	0.0475937	0.271471	0.043024	0.195318	0.899025
6.6	0.0747408	0.266713	0.0623083	0.190047	0.917985
6.7	0.101412	0.259246	0.08097	0.182877	0.9371
6.8	0.127337	0.249122	0.0988227	0.173879	0.956362
6.9	0.152249	0.236423	0.115688	0.163145	0.975767
7	0.175891	0.221257	0.131397	0.15078	0.995312
7.1	0.198017	0.203758	0.145794	0.136909	1.015
7.2	0.218393	0.184086	0.158734	0.12167	1.03484
7.3	0.236801	0.162419	0.170087	0.105215	1.05483
7.4	0.253043	0.13896	0.179742	0.0877094	1.07499
7.5	0.266939	0.113925	0.1876	0.0693271	1.09533
7.6	0.278332	0.0875469	0.193584	0.050252	1.11585
7.7	0.287086	0.0600717	0.197634	0.0306747	1.13657
7.8	0.293093	0.0317558	0.199709	0.010791	1.15748
7.9	0.296269	0.00286428	0.199788	-0.00920044	1.17858
8	0.296555	-0.0263311	0.197872	-0.0291	1.1999
8.1	0.293922	-0.0555539	0.193978	-0.0487089	1.22141
8.2	0.288367	-0.0845247	0.188146	-0.0678309	1.24313
8.3	0.279914	-0.112963	0.180434	-0.0862754	1.26506
8.4	0.268618	-0.140591	0.17092	-0.103858	1.28722
8.5	0.254559	-0.167131	0.159697	-0.120402	1.3096
8.6	0.237846	-0.192313	0.146879	-0.135744	1.33222
8.7	0.218615	-0.215874	0.132594	-0.149729	1.35509
8.8	0.197027	-0.237561	0.116983	-0.162219	1.37824
8.9	0.173271	-0.257137	0.100204	-0.173087	1.40168
9	0.147558	-0.274377	0.0824237	-0.182226	1.42542
9.1	0.12012	-0.28908	0.0638196	-0.189544	1.44946
9.2	0.0912119	-0.301063	0.044578	-0.194969	1.47382
9.3	0.0611056	-0.310171	0.0248908	-0.198445	1.49847
9.4	0.0300885	-0.316278	0.00495497	-0.199939	1.52343
9.5	-0.00153933	-0.319286	-0.0150302	-0.199434	1.54866
9.6	-0.033468	-0.319133	-0.0348654	-0.196938	1.57414
9.7	-0.0653812	-0.315786	-0.0543521	-0.192473	1.59986
9.8	-0.0969599	-0.309253	-0.0732959	-0.186085	1.62578
9.9	-0.127885	-0.299572	-0.0915073	-0.177838	1.65189
10	-0.157842	-0.286818	-0.108804	-0.167814	1.67818
10.1	-0.186524	-0.2711	-0.125014	-0.156114	1.70464
10.2	-0.213634	-0.252555	-0.139975	-0.142853	1.73126
10.3	-0.23889	-0.231354	-0.153537	-0.128165	1.75805
10.4	-0.262025	-0.207691	-0.165565	-0.112197	1.78502
10.5	-0.282794	-0.181788	-0.175939	-0.0951074	1.8122
10.6	-0.300973	-0.153884	-0.184555	-0.0770676	1.83958
10.7	-0.316361	-0.124239	-0.191327	-0.0582579	1.8672
10.8	-0.328785	-0.0931277	-0.196187	-0.0388659	1.89506
10.9	-0.338098	-0.0608384	-0.199087	-0.0190857	1.92317
11	-0.344182	-0.027669	-0.199998	0.00088514	1.95155
11.1	-0.346949	0.00607362	-0.198911	0.0208473	1.98019
11.2	-0.346341	0.0400766	-0.195836	0.0406009	2.00911
11.3	-0.342334	0.0740225	-0.190804	0.0599491	2.03829
11.4	-0.334932	0.107591	-0.183866	0.0786983	2.06775
11.5	-0.324172	0.140462	-0.17509	0.096661	2.0975
11.6	-0.310126	0.172314	-0.164566	0.113658	2.12755
11.7	-0.292895	0.202832	-0.152397	0.129519	2.15792
11.8	-0.272612	0.231704	-0.138705	0.144087	2.18862
11.9	-0.249441	0.258629	-0.123627	0.157214	2.2197
12	-0.223578	0.283315	-0.107315	0.168771	2.25117
12.1	-0.195247	0.305487	-0.0899294	0.178641	2.28307
12.2	-0.164698	0.324888	-0.0716459	0.186727	2.31541
12.3	-0.132209	0.341284	-0.0526463	0.192947	2.34821
12.4	-0.0980808	0.354466	-0.0331207	0.197238	2.38146
12.5	-0.0626341	0.364259	-0.0132644	0.19956	2.41515
12.6	-0.0262083	0.370518	0.00672469	0.199887	2.44926
12.7	0.0108435	0.373138	0.0266464	0.198217	2.48375
12.8	0.0481573	0.372054	0.046302	0.194567	2.51857
12.9	0.0853627	0.36724	0.065495	0.188972	2.55369
13	0.122087	0.358714	0.0840334	0.181489	2.58907
13.1	0.157958	0.346536	0.101732	0.172193	2.62465
13.2	0.192612	0.330806	0.118415	0.161177	2.66043
13.3	0.225692	0.311663	0.133914	0.14855	2.69638
13.4	0.256859	0.289285	0.148075	0.134439	2.73251
13.5	0.285787	0.263881	0.160757	0.118984	2.76883
13.6	0.312175	0.23569	0.171832	0.102341	2.80535
13.7	0.335744	0.204977	0.181191	0.0846749	2.84212
13.8	0.356242	0.172029	0.188739	0.0661629	2.87915
13.9	0.373445	0.137154	0.194402	0.0469899	2.91648
14	0.38716	0.100672	0.198121	0.0273474	2.95412
14.1	0.397227	0.0629155	0.199862	0.0074316	2.9921
14.2	0.403519	0.0242292	0.199605	-0.0125583	3.03043
14.3	0.405942	-0.0150366	0.197354	-0.0324229	3.06911
14.4	0.404438	-0.054525	0.193132	-0.0519636	3.10815
14.5	0.398986	-0.0938752	0.186979	-0.0709849	3.14754
14.6	0.389598	-0.132724	0.178958	-0.089297	3.1873
14.7	0.376326	-0.170705	0.169149	-0.106717	3.22745
14.8	0.359255	-0.207456	0.15765	-0.123071	3.268
14.9	0.33851	-0.242614	0.144576	-0.138195	3.309
15	0.314248	-0.275822	0.130058	-0.151938	3.35049
15.1	0.286666	-0.306732	0.114239	-0.164163	3.39252
15.2	0.255993	-0.335008	0.0972798	-0.174747	3.43514
15.3	0.222492	-0.360328	0.0793481	-0.183586	3.47838
15.4	0.186459	-0.382394	0.0606236	-0.190591	3.5223
15.5	0.14822	-0.400932	0.0412935	-0.195691	3.56689
15.6	0.108127	-0.4157	0.0215507	-0.198836	3.61217
15.7	0.0665567	-0.426492	0.00159267	-0.199994	3.65809
15.8	0.0239075	-0.433143	-0.0183814	-0.199154	3.7046
15.9	-0.0194067	-0.435533	-0.0381718	-0.196323	3.75164
16	-0.06296	-0.433593	-0.0575807	-0.191532	3.79913
16.1	-0.106319	-0.427301	-0.0764144	-0.184827	3.84698
16.2	-0.149049	-0.416689	-0.0944845	-0.176274	3.8951
16.3	-0.190718	-0.401839	-0.111611	-0.165961	3.94345
16.4	-0.230902	-0.382883	-0.127621	-0.15399	3.99196
16.5	-0.26919	-0.359997	-0.142357	-0.140479	4.04062
16.6	-0.30519	-0.333402	-0.15567	-0.125566	4.08943
16.7	-0.33853	-0.303354	-0.167428	-0.109397	4.13841
16.8	-0.368866	-0.270144	-0.177514	-0.0921355	4.1876
16.9	-0.39588	-0.234089	-0.185825	-0.0739537	4.23706
17	-0.419289	-0.195526	-0.19228	-0.0550327	4.28684
17.1	-0.438842	-0.154815	-0.196813	-0.0355617	4.33697
17.2	-0.454323	-0.112326	-0.19938	-0.0157355	4.38752
17.3	-0.465556	-0.0684408	-0.199955	0.00424799	4.4385
17.4	-0.4724	-0.0235488	-0.198532	0.0241886	4.48992
17.5	-0.474755	0.0219536	-0.195125	0.043888	4.54181
17.6	-0.472559	0.0676657	-0.189769	0.0631488	4.59415
17.7	-0.465793	0.113182	-0.182516	0.0817787	4.64697
17.8	-0.454475	0.158095	-0.17344	0.0995914	4.70027
17.9	-0.438665	0.201995	-0.162631	0.116409	4.75407
18	-0.418466	0.244468	-0.150197	0.132063	4.80844
18.1	-0.394019	0.285104	-0.136263	0.146398	4.86342
18.2	-0.365509	0.323494	-0.120966	0.159271	4.9191
18.3	-0.333159	0.359236	-0.104462	0.170551	4.97557
18.4	-0.297236	0.391939	-0.0869132	0.180128	5.03292
18.5	-0.258042	0.421227	-0.0684961	0.187905	5.09123
18.6	-0.215919	0.446746	-0.0493947	0.193804	5.15055
18.7	-0.171244	0.46817	-0.0297997	0.197767	5.21091
18.8	-0.124427	0.485211	-0.0099069	0.199754	5.2723
18.9	-0.0759062	0.497622	0.0100845	0.199746	5.33466
19	-0.026144	0.505205	0.0299754	0.197741	5.39789
19.1	0.0243765	0.507819	0.0495669	0.19376	5.46186
19.2	0.0751584	0.505382	0.0686631	0.187844	5.52642
19.3	0.125697	0.497873	0.0870733	0.180051	5.59141
19.4	0.175484	0.485336	0.104613	0.170459	5.65668
19.5	0.224018	0.467878	0.121108	0.159163	5.7221
19.6	0.270805	0.445663	0.136393	0.146277	5.7876
19.7	0.315372	0.418912	0.150315	0.13193	5.85313
19.8	0.357263	0.387895	0.162735	0.116264	5.91869
